service_id,monday,tuesday,wednesday,thursday,friday,saturday,sunday,start_date,end_date
1,0,0,0,0,0,0,0,20231211,20240408
2,0,0,0,0,0,0,0,20240406,20240406
3,0,0,0,0,0,0,0,20240506,20240831
4,0,0,0,0,0,0,0,20240409,20240504
5,0,0,0,0,0,0,0,20240427,20240427
6,0,0,0,0,0,0,0,20240525,20240525
7,0,0,0,0,0,0,0,20240601,20240615
8,0,0,0,0,0,0,0,20231210,20240408
9,0,0,0,0,0,0,0,20240409,20240901
10,0,0,0,0,0,0,0,20240504,20240505
11,0,0,0,0,0,0,0,20240513,20240519
12,0,0,0,0,0,0,0,20240610,20240610
13,0,0,0,0,0,0,0,20240611,20240611
14,0,0,0,0,0,0,0,20240706,20240706
15,0,0,0,0,0,0,0,20240720,20240721
16,0,0,0,0,0,0,0,20240409,20240901
17,0,0,0,0,0,0,0,20240506,20240506
18,0,0,0,0,0,0,0,20240507,20240507
19,0,0,0,0,0,0,0,20240508,20240508
20,0,0,0,0,0,0,0,20231210,20240407
21,0,0,0,0,0,0,0,20231211,20240327
22,0,0,0,0,0,0,0,20240328,20240328
23,0,0,0,0,0,0,0,20240402,20240427
24,0,0,0,0,0,0,0,20240414,20240623
25,0,0,0,0,0,0,0,20240410,20240411
26,0,0,0,0,0,0,0,20240412,20240412
27,0,0,0,0,0,0,0,20240413,20240413
28,0,0,0,0,0,0,0,20240429,20240531
29,0,0,0,0,0,0,0,20240504,20240504
30,0,0,0,0,0,0,0,20240505,20240505
31,0,0,0,0,0,0,0,20240510,20240510
32,0,0,0,0,0,0,0,20240511,20240511
33,0,0,0,0,0,0,0,20240518,20240518
34,0,0,0,0,0,0,0,20240601,20240601
35,0,0,0,0,0,0,0,20240603,20240628
36,0,0,0,0,0,0,0,20240629,20240629
37,0,0,0,0,0,0,0,20240630,20240630
38,0,0,0,0,0,0,0,20240701,20240701
39,0,0,0,0,0,0,0,20240702,20240707
40,0,0,0,0,0,0,0,20240708,20240712
41,0,0,0,0,0,0,0,20240713,20240713
42,0,0,0,0,0,0,0,20240714,20240714
43,0,0,0,0,0,0,0,20240715,20240811
44,0,0,0,0,0,0,0,20240812,20240831
45,0,0,0,0,0,0,0,20240818,20240901
46,0,0,0,0,0,0,0,20231210,20240327
47,0,0,0,0,0,0,0,20231216,20240323
48,0,0,0,0,0,0,0,20240401,20240407
49,0,0,0,0,0,0,0,20240402,20240409
50,0,0,0,0,0,0,0,20240410,20240627
51,0,0,0,0,0,0,0,20240412,20240628
52,0,0,0,0,0,0,0,20240414,20240414
53,0,0,0,0,0,0,0,20240420,20240427
54,0,0,0,0,0,0,0,20240519,20240519
55,0,0,0,0,0,0,0,20240525,20240621
56,0,0,0,0,0,0,0,20240812,20240829
57,0,0,0,0,0,0,0,20240816,20240901
58,0,0,0,0,0,0,0,20240817,20240831
59,0,0,0,0,0,0,0,20231210,20240324
60,0,0,0,0,0,0,0,20231211,20240409
61,0,0,0,0,0,0,0,20240401,20240401
62,0,0,0,0,0,0,0,20240406,20240407
63,0,0,0,0,0,0,0,20240410,20240628
64,0,0,0,0,0,0,0,20240421,20240901
65,0,0,0,0,0,0,0,20240526,20240526
66,0,0,0,0,0,0,0,20240601,20240621
67,0,0,0,0,0,0,0,20240702,20240706
68,0,0,0,0,0,0,0,20240707,20240707
69,0,0,0,0,0,0,0,20240708,20240810
70,0,0,0,0,0,0,0,20240812,20240830
71,0,0,0,0,0,0,0,20231211,20240327
72,0,0,0,0,0,0,0,20240401,20240407
73,0,0,0,0,0,0,0,20240410,20240628
74,0,0,0,0,0,0,0,20240421,20240623
75,0,0,0,0,0,0,0,20240624,20240624
76,0,0,0,0,0,0,0,20240702,20240705
77,0,0,0,0,0,0,0,20240706,20240713
78,0,0,0,0,0,0,0,20240707,20240714
79,0,0,0,0,0,0,0,20240708,20240809
80,0,0,0,0,0,0,0,20240720,20240810
81,0,0,0,0,0,0,0,20240721,20240811
82,0,0,0,0,0,0,0,20231211,20240327
83,0,0,0,0,0,0,0,20240407,20240407
84,0,0,0,0,0,0,0,20240410,20240412
85,0,0,0,0,0,0,0,20240415,20240427
86,0,0,0,0,0,0,0,20240421,20240623
87,0,0,0,0,0,0,0,20240429,20240524
88,0,0,0,0,0,0,0,20240601,20240628
89,0,0,0,0,0,0,0,20240527,20240621
90,0,0,0,0,0,0,0,20240629,20240630
91,0,0,0,0,0,0,0,20240714,20240811
92,0,0,0,0,0,0,0,20240812,20240831
93,0,0,0,0,0,0,0,20240817,20240817
94,0,0,0,0,0,0,0,20240818,20240818
95,0,0,0,0,0,0,0,20240825,20240901
96,0,0,0,0,0,0,0,20231211,20240327
97,0,0,0,0,0,0,0,20231210,20240327
98,0,0,0,0,0,0,0,20240415,20240428
99,0,0,0,0,0,0,0,20240429,20240524
100,0,0,0,0,0,0,0,20240525,20240526
101,0,0,0,0,0,0,0,20240527,20240628
102,0,0,0,0,0,0,0,20240812,20240901
103,0,0,0,0,0,0,0,20231210,20240324
104,0,0,0,0,0,0,0,20231211,20240327
105,0,0,0,0,0,0,0,20240421,20240602
106,0,0,0,0,0,0,0,20240501,20240501
107,0,0,0,0,0,0,0,20240509,20240509
108,0,0,0,0,0,0,0,20240601,20240608
109,0,0,0,0,0,0,0,20240606,20240606
110,0,0,0,0,0,0,0,20240609,20240609
111,0,0,0,0,0,0,0,20240615,20240621
112,0,0,0,0,0,0,0,20240616,20240616
113,0,0,0,0,0,0,0,20240622,20240622
114,0,0,0,0,0,0,0,20240623,20240623
115,0,0,0,0,0,0,0,20240708,20240811
116,0,0,0,0,0,0,0,20240728,20240728
117,0,0,0,0,0,0,0,20240824,20240831
118,0,0,0,0,0,0,0,20231211,20240327
119,0,0,0,0,0,0,0,20231216,20240323
120,0,0,0,0,0,0,0,20240410,20240628
121,0,0,0,0,0,0,0,20240601,20240615
122,0,0,0,0,0,0,0,20231226,20240407
123,0,0,0,0,0,0,0,20231211,20240408
124,0,0,0,0,0,0,0,20240409,20240707
125,0,0,0,0,0,0,0,20240617,20240619
126,0,0,0,0,0,0,0,20240708,20240731
127,0,0,0,0,0,0,0,20240714,20240804
128,0,0,0,0,0,0,0,20240805,20240901
129,0,0,0,0,0,0,0,20231210,20240324
130,0,0,0,0,0,0,0,20240708,20240811
131,0,0,0,0,0,0,0,20231210,20240327
132,0,0,0,0,0,0,0,20240527,20240628
133,0,0,0,0,0,0,0,20231210,20240324
134,0,0,0,0,0,0,0,20231211,20240327
135,0,0,0,0,0,0,0,20231215,20240322
136,0,0,0,0,0,0,0,20240412,20240628
137,0,0,0,0,0,0,0,20240413,20240414
138,0,0,0,0,0,0,0,20240420,20240512
139,0,0,0,0,0,0,0,20240518,20240519
140,0,0,0,0,0,0,0,20240601,20240623
141,0,0,0,0,0,0,0,20240706,20240714
142,0,0,0,0,0,0,0,20240720,20240811
143,0,0,0,0,0,0,0,20240816,20240830
144,0,0,0,0,0,0,0,20240817,20240901
145,0,0,0,0,0,0,0,20240702,20240707
146,0,0,0,0,0,0,0,20231210,20240324
147,0,0,0,0,0,0,0,20240410,20240627
148,0,0,0,0,0,0,0,20240412,20240628
149,0,0,0,0,0,0,0,20240421,20240623
150,0,0,0,0,0,0,0,20231210,20240327
151,0,0,0,0,0,0,0,20240410,20240410
152,0,0,0,0,0,0,0,20240411,20240411
153,0,0,0,0,0,0,0,20240415,20240427
154,0,0,0,0,0,0,0,20240429,20240523
155,0,0,0,0,0,0,0,20240527,20240627
156,0,0,0,0,0,0,0,20240812,20240831
157,0,0,0,0,0,0,0,20240108,20240327
158,0,0,0,0,0,0,0,20240402,20240404
159,0,0,0,0,0,0,0,20240405,20240409
160,0,0,0,0,0,0,0,20240412,20240628
161,0,0,0,0,0,0,0,20231211,20240327
162,0,0,0,0,0,0,0,20231215,20240322
163,0,0,0,0,0,0,0,20240405,20240409
164,0,0,0,0,0,0,0,20240702,20240706
165,0,0,0,0,0,0,0,20240705,20240714
166,0,0,0,0,0,0,0,20240708,20240810
167,0,0,0,0,0,0,0,20240712,20240811
168,0,0,0,0,0,0,0,20240615,20240817
169,0,0,0,0,0,0,0,20240621,20240621
170,0,0,0,0,0,0,0,20231210,20240327
171,0,0,0,0,0,0,0,20240401,20240409
172,0,0,0,0,0,0,0,20240412,20240614
173,0,0,0,0,0,0,0,20240415,20240613
174,0,0,0,0,0,0,0,20240430,20240605
175,0,0,0,0,0,0,0,20240616,20240627
176,0,0,0,0,0,0,0,20240620,20240628
177,0,0,0,0,0,0,0,20240812,20240818
178,0,0,0,0,0,0,0,20240816,20240816
179,0,0,0,0,0,0,0,20240819,20240901
180,0,0,0,0,0,0,0,20240823,20240830
181,0,0,0,0,0,0,0,20231210,20240408
182,0,0,0,0,0,0,0,20240409,20240614
183,0,0,0,0,0,0,0,20240819,20240901
184,0,0,0,0,0,0,0,20240412,20240628
185,0,0,0,0,0,0,0,20240415,20240415
186,0,0,0,0,0,0,0,20231210,20240324
187,0,0,0,0,0,0,0,20231216,20240323
188,0,0,0,0,0,0,0,20240304,20240327
189,0,0,0,0,0,0,0,20240308,20240322
190,0,0,0,0,0,0,0,20240405,20240409
191,0,0,0,0,0,0,0,20240430,20240628
192,0,0,0,0,0,0,0,20240412,20240426
193,0,0,0,0,0,0,0,20240421,20240627
194,0,0,0,0,0,0,0,20240415,20240425
195,0,0,0,0,0,0,0,20240429,20240619
196,0,0,0,0,0,0,0,20240522,20240523
197,0,0,0,0,0,0,0,20240708,20240811
198,0,0,0,0,0,0,0,20240720,20240810
199,0,0,0,0,0,0,0,20240724,20240724
200,0,0,0,0,0,0,0,20240727,20240727
201,0,0,0,0,0,0,0,20240812,20240901
202,0,0,0,0,0,0,0,20231216,20240323
203,0,0,0,0,0,0,0,20231210,20240327
204,0,0,0,0,0,0,0,20231216,20240323
205,0,0,0,0,0,0,0,20240112,20240322
206,0,0,0,0,0,0,0,20240402,20240403
207,0,0,0,0,0,0,0,20240404,20240404
208,0,0,0,0,0,0,0,20240415,20240627
209,0,0,0,0,0,0,0,20240708,20240811
210,0,0,0,0,0,0,0,20231210,20240327
211,0,0,0,0,0,0,0,20240416,20240613
212,0,0,0,0,0,0,0,20240419,20240428
213,0,0,0,0,0,0,0,20240503,20240503
214,0,0,0,0,0,0,0,20240512,20240512
215,0,0,0,0,0,0,0,20240517,20240614
216,0,0,0,0,0,0,0,20240616,20240628
217,0,0,0,0,0,0,0,20240812,20240818
218,0,0,0,0,0,0,0,20240819,20240829
219,0,0,0,0,0,0,0,20240823,20240901
220,0,0,0,0,0,0,0,20240420,20240621
221,0,0,0,0,0,0,0,20240415,20240628
222,0,0,0,0,0,0,0,20240715,20240811
223,0,0,0,0,0,0,0,20240812,20240901
224,0,0,0,0,0,0,0,20240421,20240421
225,0,0,0,0,0,0,0,20240428,20240428
226,0,0,0,0,0,0,0,20240812,20240816
227,0,0,0,0,0,0,0,20240817,20240818
228,0,0,0,0,0,0,0,20240819,20240830
229,0,0,0,0,0,0,0,20240401,20240409
230,0,0,0,0,0,0,0,20240420,20240623
231,0,0,0,0,0,0,0,20240701,20240809
232,0,0,0,0,0,0,0,20231210,20240324
233,0,0,0,0,0,0,0,20240420,20240420
234,0,0,0,0,0,0,0,20240602,20240602
235,0,0,0,0,0,0,0,20240608,20240608
236,0,0,0,0,0,0,0,20240615,20240615
237,0,0,0,0,0,0,0,20240708,20240711
238,0,0,0,0,0,0,0,20240712,20240714
239,0,0,0,0,0,0,0,20231210,20240324
240,0,0,0,0,0,0,0,20231211,20240327
241,0,0,0,0,0,0,0,20231214,20240323
242,0,0,0,0,0,0,0,20240415,20240626
243,0,0,0,0,0,0,0,20240418,20240628
244,0,0,0,0,0,0,0,20240421,20240428
245,0,0,0,0,0,0,0,20240812,20240828
246,0,0,0,0,0,0,0,20240815,20240831
247,0,0,0,0,0,0,0,20231211,20240327
248,0,0,0,0,0,0,0,20231216,20240406
249,0,0,0,0,0,0,0,20240405,20240405
250,0,0,0,0,0,0,0,20240408,20240409
251,0,0,0,0,0,0,0,20240412,20240614
252,0,0,0,0,0,0,0,20240413,20240616
253,0,0,0,0,0,0,0,20240415,20240613
254,0,0,0,0,0,0,0,20240418,20240418
255,0,0,0,0,0,0,0,20240421,20240609
256,0,0,0,0,0,0,0,20240617,20240628
257,0,0,0,0,0,0,0,20240701,20240711
258,0,0,0,0,0,0,0,20240705,20240714
259,0,0,0,0,0,0,0,20231211,20240408
260,0,0,0,0,0,0,0,20240414,20240623
261,0,0,0,0,0,0,0,20240409,20240628
262,0,0,0,0,0,0,0,20240413,20240621
263,0,0,0,0,0,0,0,20231210,20240328
264,0,0,0,0,0,0,0,20240401,20240407
265,0,0,0,0,0,0,0,20240419,20240628
266,0,0,0,0,0,0,0,20240415,20240417
267,0,0,0,0,0,0,0,20240428,20240901
268,0,0,0,0,0,0,0,20240429,20240626
269,0,0,0,0,0,0,0,20240502,20240627
270,0,0,0,0,0,0,0,20240509,20240510
271,0,0,0,0,0,0,0,20240517,20240519
272,0,0,0,0,0,0,0,20240531,20240531
273,0,0,0,0,0,0,0,20240815,20240829
274,0,0,0,0,0,0,0,20231211,20240321
275,0,0,0,0,0,0,0,20231216,20240406
276,0,0,0,0,0,0,0,20240325,20240327
277,0,0,0,0,0,0,0,20240419,20240419
278,0,0,0,0,0,0,0,20240421,20240426
279,0,0,0,0,0,0,0,20240428,20240512
280,0,0,0,0,0,0,0,20240429,20240627
281,0,0,0,0,0,0,0,20240430,20240430
282,0,0,0,0,0,0,0,20240517,20240517
283,0,0,0,0,0,0,0,20240523,20240523
284,0,0,0,0,0,0,0,20240524,20240524
285,0,0,0,0,0,0,0,20240527,20240530
286,0,0,0,0,0,0,0,20240602,20240606
287,0,0,0,0,0,0,0,20240603,20240604
288,0,0,0,0,0,0,0,20240605,20240605
289,0,0,0,0,0,0,0,20240607,20240607
290,0,0,0,0,0,0,0,20240609,20240623
291,0,0,0,0,0,0,0,20240614,20240628
292,0,0,0,0,0,0,0,20240617,20240618
293,0,0,0,0,0,0,0,20240708,20240811
294,0,0,0,0,0,0,0,20240712,20240712
295,0,0,0,0,0,0,0,20231211,20240408
296,0,0,0,0,0,0,0,20231215,20240406
297,0,0,0,0,0,0,0,20240412,20240615
298,0,0,0,0,0,0,0,20240409,20240613
299,0,0,0,0,0,0,0,20240414,20240616
300,0,0,0,0,0,0,0,20240617,20240627
301,0,0,0,0,0,0,0,20240705,20240714
302,0,0,0,0,0,0,0,20240817,20240831
303,0,0,0,0,0,0,0,20231210,20240408
304,0,0,0,0,0,0,0,20240409,20240613
305,0,0,0,0,0,0,0,20240501,20240502
306,0,0,0,0,0,0,0,20240818,20240901
307,0,0,0,0,0,0,0,20231210,20240408
308,0,0,0,0,0,0,0,20231210,20240408
309,0,0,0,0,0,0,0,20240209,20240405
310,0,0,0,0,0,0,0,20240409,20240616
311,0,0,0,0,0,0,0,20240412,20240614
312,0,0,0,0,0,0,0,20240617,20240901
313,0,0,0,0,0,0,0,20240720,20240720
314,0,0,0,0,0,0,0,20240721,20240721
315,0,0,0,0,0,0,0,20231210,20240408
316,0,0,0,0,0,0,0,20231210,20240401
317,0,0,0,0,0,0,0,20231211,20240408
318,0,0,0,0,0,0,0,20231212,20240406
319,0,0,0,0,0,0,0,20240414,20240901
320,0,0,0,0,0,0,0,20240411,20240613
321,0,0,0,0,0,0,0,20240409,20240614
322,0,0,0,0,0,0,0,20240615,20240817
323,0,0,0,0,0,0,0,20240819,20240829
324,0,0,0,0,0,0,0,20240820,20240831
325,0,0,0,0,0,0,0,20231211,20240408
326,0,0,0,0,0,0,0,20240409,20240901
327,0,0,0,0,0,0,0,20231210,20240407
328,0,0,0,0,0,0,0,20231211,20240408
329,0,0,0,0,0,0,0,20240413,20240901
330,0,0,0,0,0,0,0,20240409,20240607
331,0,0,0,0,0,0,0,20240610,20240614
332,0,0,0,0,0,0,0,20231210,20240407
333,0,0,0,0,0,0,0,20231216,20240406
334,0,0,0,0,0,0,0,20240414,20240616
335,0,0,0,0,0,0,0,20240413,20240831
336,0,0,0,0,0,0,0,20240617,20240818
337,0,0,0,0,0,0,0,20231210,20240407
338,0,0,0,0,0,0,0,20231211,20240408
339,0,0,0,0,0,0,0,20240218,20240324
340,0,0,0,0,0,0,0,20240414,20240901
341,0,0,0,0,0,0,0,20240413,20240608
342,0,0,0,0,0,0,0,20240610,20240817
343,0,0,0,0,0,0,0,20231210,20240408
344,0,0,0,0,0,0,0,20240409,20240602
345,0,0,0,0,0,0,0,20240520,20240521
346,0,0,0,0,0,0,0,20240603,20240616
347,0,0,0,0,0,0,0,20240617,20240623
348,0,0,0,0,0,0,0,20240624,20240630
349,0,0,0,0,0,0,0,20240701,20240901
350,0,0,0,0,0,0,0,20231210,20240408
351,0,0,0,0,0,0,0,20240409,20240901
352,0,0,0,0,0,0,0,20231210,20240407
353,0,0,0,0,0,0,0,20231211,20240408
354,0,0,0,0,0,0,0,20240409,20240830
355,0,0,0,0,0,0,0,20240413,20240901
356,0,0,0,0,0,0,0,20231210,20240408
357,0,0,0,0,0,0,0,20240329,20240329
358,0,0,0,0,0,0,0,20240409,20240608
359,0,0,0,0,0,0,0,20240609,20240616
360,0,0,0,0,0,0,0,20240701,20240901
361,0,0,0,0,0,0,0,20231210,20240408
362,0,0,0,0,0,0,0,20240409,20240901
363,0,0,0,0,0,0,0,20231210,20240408
364,0,0,0,0,0,0,0,20240409,20240707
365,0,0,0,0,0,0,0,20240708,20240811
366,0,0,0,0,0,0,0,20240712,20240809
367,0,0,0,0,0,0,0,20231210,20240407
368,0,0,0,0,0,0,0,20240413,20240901
369,0,0,0,0,0,0,0,20231210,20240407
370,0,0,0,0,0,0,0,20231211,20240408
371,0,0,0,0,0,0,0,20240413,20240616
372,0,0,0,0,0,0,0,20240409,20240614
373,0,0,0,0,0,0,0,20240617,20240818
374,0,0,0,0,0,0,0,20240824,20240901
375,0,0,0,0,0,0,0,20231210,20240407
376,0,0,0,0,0,0,0,20240409,20240830
377,0,0,0,0,0,0,0,20231210,20240408
378,0,0,0,0,0,0,0,20240409,20240830
379,0,0,0,0,0,0,0,20240413,20240901
380,0,0,0,0,0,0,0,20240608,20240629
381,0,0,0,0,0,0,0,20231210,20240407
382,0,0,0,0,0,0,0,20231211,20240408
383,0,0,0,0,0,0,0,20240421,20240901
384,0,0,0,0,0,0,0,20240411,20240614
385,0,0,0,0,0,0,0,20240409,20240410
386,0,0,0,0,0,0,0,20240519,20240522
387,0,0,0,0,0,0,0,20240523,20240524
388,0,0,0,0,0,0,0,20240617,20240816
389,0,0,0,0,0,0,0,20231210,20240407
390,0,0,0,0,0,0,0,20240414,20240609
391,0,0,0,0,0,0,0,20240616,20240811
392,0,0,0,0,0,0,0,20231210,20240407
393,0,0,0,0,0,0,0,20240324,20240324
394,0,0,0,0,0,0,0,20240414,20240901
395,0,0,0,0,0,0,0,20231210,20240408
396,0,0,0,0,0,0,0,20240318,20240322
397,0,0,0,0,0,0,0,20240323,20240323
398,0,0,0,0,0,0,0,20240409,20240505
399,0,0,0,0,0,0,0,20240502,20240503
400,0,0,0,0,0,0,0,20240506,20240508
401,0,0,0,0,0,0,0,20240520,20240524
402,0,0,0,0,0,0,0,20240525,20240623
403,0,0,0,0,0,0,0,20240624,20240707
404,0,0,0,0,0,0,0,20240625,20240627
405,0,0,0,0,0,0,0,20240708,20240901
406,0,0,0,0,0,0,0,20240729,20240731
407,0,0,0,0,0,0,0,20231210,20240408
408,0,0,0,0,0,0,0,20240409,20240430
409,0,0,0,0,0,0,0,20240502,20240502
410,0,0,0,0,0,0,0,20240513,20240519
411,0,0,0,0,0,0,0,20240526,20240623
412,0,0,0,0,0,0,0,20240624,20240707
413,0,0,0,0,0,0,0,20240708,20240901
414,0,0,0,0,0,0,0,20231210,20240408
415,0,0,0,0,0,0,0,20240409,20240508
416,0,0,0,0,0,0,0,20240513,20240901
417,0,0,0,0,0,0,0,20231210,20240408
418,0,0,0,0,0,0,0,20240329,20240401
419,0,0,0,0,0,0,0,20240409,20240414
420,0,0,0,0,0,0,0,20240420,20240421
421,0,0,0,0,0,0,0,20240429,20240430
422,0,0,0,0,0,0,0,20240502,20240517
423,0,0,0,0,0,0,0,20240531,20240623
424,0,0,0,0,0,0,0,20240610,20240613
425,0,0,0,0,0,0,0,20240625,20240625
426,0,0,0,0,0,0,0,20240626,20240630
427,0,0,0,0,0,0,0,20240706,20240831
428,0,0,0,0,0,0,0,20240707,20240811
429,0,0,0,0,0,0,0,20240812,20240830
430,0,0,0,0,0,0,0,20231210,20240408
431,0,0,0,0,0,0,0,20240502,20240516
432,0,0,0,0,0,0,0,20240503,20240517
433,0,0,0,0,0,0,0,20240513,20240514
434,0,0,0,0,0,0,0,20240520,20240522
435,0,0,0,0,0,0,0,20240701,20240901
436,0,0,0,0,0,0,0,20240702,20240703
437,0,0,0,0,0,0,0,20231210,20240407
438,0,0,0,0,0,0,0,20231211,20240408
439,0,0,0,0,0,0,0,20240329,20240330
440,0,0,0,0,0,0,0,20240331,20240401
441,0,0,0,0,0,0,0,20240414,20240505
442,0,0,0,0,0,0,0,20240409,20240413
443,0,0,0,0,0,0,0,20240427,20240615
444,0,0,0,0,0,0,0,20240502,20240516
445,0,0,0,0,0,0,0,20240509,20240512
446,0,0,0,0,0,0,0,20240602,20240901
447,0,0,0,0,0,0,0,20240617,20240621
448,0,0,0,0,0,0,0,20240701,20240725
449,0,0,0,0,0,0,0,20240705,20240831
450,0,0,0,0,0,0,0,20240801,20240829
451,0,0,0,0,0,0,0,20231210,20240408
452,0,0,0,0,0,0,0,20240409,20240414
453,0,0,0,0,0,0,0,20240413,20240504
454,0,0,0,0,0,0,0,20240502,20240517
455,0,0,0,0,0,0,0,20240520,20240520
456,0,0,0,0,0,0,0,20240521,20240521
457,0,0,0,0,0,0,0,20240522,20240522
458,0,0,0,0,0,0,0,20240531,20240623
459,0,0,0,0,0,0,0,20240704,20240901
460,0,0,0,0,0,0,0,20240402,20240405
461,0,0,0,0,0,0,0,20240415,20240419
462,0,0,0,0,0,0,0,20240422,20240425
463,0,0,0,0,0,0,0,20240426,20240426
464,0,0,0,0,0,0,0,20240429,20240517
465,0,0,0,0,0,0,0,20240531,20240616
466,0,0,0,0,0,0,0,20231210,20240408
467,0,0,0,0,0,0,0,20240409,20240505
468,0,0,0,0,0,0,0,20240506,20240524
469,0,0,0,0,0,0,0,20240511,20240512
470,0,0,0,0,0,0,0,20240527,20240625
471,0,0,0,0,0,0,0,20231210,20240408
472,0,0,0,0,0,0,0,20240331,20240331
473,0,0,0,0,0,0,0,20240409,20240428
474,0,0,0,0,0,0,0,20240429,20240524
475,0,0,0,0,0,0,0,20240531,20240625
476,0,0,0,0,0,0,0,20240626,20240630
477,0,0,0,0,0,0,0,20240701,20240901
478,0,0,0,0,0,0,0,20231210,20240408
479,0,0,0,0,0,0,0,20240409,20240901
480,0,0,0,0,0,0,0,20231210,20240408
481,0,0,0,0,0,0,0,20240329,20240331
482,0,0,0,0,0,0,0,20240409,20240505
483,0,0,0,0,0,0,0,20240506,20240524
484,0,0,0,0,0,0,0,20231210,20240408
485,0,0,0,0,0,0,0,20231216,20240406
486,0,0,0,0,0,0,0,20240409,20240428
487,0,0,0,0,0,0,0,20240427,20240831
488,0,0,0,0,0,0,0,20240419,20240421
489,0,0,0,0,0,0,0,20240429,20240524
490,0,0,0,0,0,0,0,20240527,20240624
491,0,0,0,0,0,0,0,20240625,20240630
492,0,0,0,0,0,0,0,20231210,20240408
493,0,0,0,0,0,0,0,20240409,20240418
494,0,0,0,0,0,0,0,20240428,20240616
495,0,0,0,0,0,0,0,20240429,20240429
496,0,0,0,0,0,0,0,20240509,20240514
497,0,0,0,0,0,0,0,20240513,20240515
498,0,0,0,0,0,0,0,20240604,20240604
499,0,0,0,0,0,0,0,20240617,20240617
500,0,0,0,0,0,0,0,20240618,20240618
501,0,0,0,0,0,0,0,20240619,20240619
502,0,0,0,0,0,0,0,20240625,20240627
503,0,0,0,0,0,0,0,20240626,20240630
504,0,0,0,0,0,0,0,20240701,20240818
505,0,0,0,0,0,0,0,20231210,20240407
506,0,0,0,0,0,0,0,20240414,20240609
507,0,0,0,0,0,0,0,20231216,20240407
508,0,0,0,0,0,0,0,20240409,20240614
509,0,0,0,0,0,0,0,20240413,20240609
510,0,0,0,0,0,0,0,20240510,20240524
511,0,0,0,0,0,0,0,20231210,20240408
512,0,0,0,0,0,0,0,20231216,20240406
513,0,0,0,0,0,0,0,20240409,20240901
514,0,0,0,0,0,0,0,20240413,20240831
515,0,0,0,0,0,0,0,20231210,20240407
516,0,0,0,0,0,0,0,20231211,20240408
517,0,0,0,0,0,0,0,20240330,20240330
518,0,0,0,0,0,0,0,20240402,20240402
519,0,0,0,0,0,0,0,20240414,20240901
520,0,0,0,0,0,0,0,20240413,20240608
521,0,0,0,0,0,0,0,20240409,20240614
522,0,0,0,0,0,0,0,20240409,20240614
523,0,0,0,0,0,0,0,20240513,20240513
524,0,0,0,0,0,0,0,20231210,20240408
525,0,0,0,0,0,0,0,20240409,20240901
526,0,0,0,0,0,0,0,20231210,20240407
527,0,0,0,0,0,0,0,20231211,20240408
528,0,0,0,0,0,0,0,20240414,20240623
529,0,0,0,0,0,0,0,20240420,20240608
530,0,0,0,0,0,0,0,20240706,20240818
531,0,0,0,0,0,0,0,20231210,20240408
532,0,0,0,0,0,0,0,20231210,20240408
533,0,0,0,0,0,0,0,20231210,20240408
534,0,0,0,0,0,0,0,20231210,20240407
535,0,0,0,0,0,0,0,20240414,20240901
536,0,0,0,0,0,0,0,20231210,20240408
537,0,0,0,0,0,0,0,20231210,20240408
538,0,0,0,0,0,0,0,20231210,20240407
539,0,0,0,0,0,0,0,20240414,20240901
540,0,0,0,0,0,0,0,20231210,20240408
541,0,0,0,0,0,0,0,20240409,20240901
542,0,0,0,0,0,0,0,20231210,20240408
543,0,0,0,0,0,0,0,20231210,20240408
544,0,0,0,0,0,0,0,20231210,20240408
545,0,0,0,0,0,0,0,20240409,20240614
546,0,0,0,0,0,0,0,20240615,20240818
547,0,0,0,0,0,0,0,20240819,20240901
548,0,0,0,0,0,0,0,20231210,20240408
549,0,0,0,0,0,0,0,20231216,20240406
550,0,0,0,0,0,0,0,20240409,20240901
551,0,0,0,0,0,0,0,20240413,20240608
552,0,0,0,0,0,0,0,20231210,20240408
553,0,0,0,0,0,0,0,20231216,20240406
554,0,0,0,0,0,0,0,20240413,20240616
555,0,0,0,0,0,0,0,20231210,20240408
556,0,0,0,0,0,0,0,20231216,20240406
557,0,0,0,0,0,0,0,20231210,20240407
558,0,0,0,0,0,0,0,20231211,20240408
559,0,0,0,0,0,0,0,20240413,20240616
560,0,0,0,0,0,0,0,20240409,20240419
561,0,0,0,0,0,0,0,20240426,20240517
562,0,0,0,0,0,0,0,20240520,20240614
563,0,0,0,0,0,0,0,20240617,20240818
564,0,0,0,0,0,0,0,20231210,20240407
565,0,0,0,0,0,0,0,20240414,20240628
566,0,0,0,0,0,0,0,20240701,20240818
567,0,0,0,0,0,0,0,20231210,20240408
568,0,0,0,0,0,0,0,20231223,20240406
569,0,0,0,0,0,0,0,20240615,20240817
570,0,0,0,0,0,0,0,20231210,20240408
571,0,0,0,0,0,0,0,20231210,20240408
572,0,0,0,0,0,0,0,20231210,20240408
573,0,0,0,0,0,0,0,20240409,20240614
574,0,0,0,0,0,0,0,20231217,20240317
575,0,0,0,0,0,0,0,20240602,20240614
576,0,0,0,0,0,0,0,20240616,20240818
577,0,0,0,0,0,0,0,20240617,20240816
578,0,0,0,0,0,0,0,20240624,20240626
579,0,0,0,0,0,0,0,20231210,20240407
580,0,0,0,0,0,0,0,20240414,20240609
581,0,0,0,0,0,0,0,20240512,20240526
582,0,0,0,0,0,0,0,20240616,20240818
583,0,0,0,0,0,0,0,20231210,20240408
584,0,0,0,0,0,0,0,20240409,20240614
585,0,0,0,0,0,0,0,20240419,20240426
586,0,0,0,0,0,0,0,20240521,20240523
587,0,0,0,0,0,0,0,20231210,20240407
588,0,0,0,0,0,0,0,20240414,20240602
589,0,0,0,0,0,0,0,20231210,20240407
590,0,0,0,0,0,0,0,20240414,20240609
591,0,0,0,0,0,0,0,20231211,20240408
592,0,0,0,0,0,0,0,20240409,20240614
593,0,0,0,0,0,0,0,20231211,20240408
594,0,0,0,0,0,0,0,20240409,20240614
595,0,0,0,0,0,0,0,20240510,20240512
596,0,0,0,0,0,0,0,20240524,20240526
597,0,0,0,0,0,0,0,20231210,20240408
598,0,0,0,0,0,0,0,20240409,20240505
599,0,0,0,0,0,0,0,20240506,20240512
600,0,0,0,0,0,0,0,20240513,20240614
601,0,0,0,0,0,0,0,20231210,20240408
602,0,0,0,0,0,0,0,20240409,20240430
603,0,0,0,0,0,0,0,20240414,20240505
604,0,0,0,0,0,0,0,20240502,20240530
605,0,0,0,0,0,0,0,20240509,20240512
606,0,0,0,0,0,0,0,20240518,20240609
607,0,0,0,0,0,0,0,20240603,20240614
608,0,0,0,0,0,0,0,20240616,20240818
609,0,0,0,0,0,0,0,20231210,20240408
610,0,0,0,0,0,0,0,20240409,20240509
611,0,0,0,0,0,0,0,20231210,20240408
612,0,0,0,0,0,0,0,20231216,20240323
613,0,0,0,0,0,0,0,20240409,20240614
614,0,0,0,0,0,0,0,20240420,20240608
615,0,0,0,0,0,0,0,20240510,20240512
616,0,0,0,0,0,0,0,20240901,20240901
617,0,0,0,0,0,0,0,20231210,20240408
618,0,0,0,0,0,0,0,20231211,20240408
619,0,0,0,0,0,0,0,20240410,20240429
620,0,0,0,0,0,0,0,20240414,20240609
621,0,0,0,0,0,0,0,20240502,20240530
622,0,0,0,0,0,0,0,20240603,20240613
623,0,0,0,0,0,0,0,20240614,20240614
624,0,0,0,0,0,0,0,20240616,20240714
625,0,0,0,0,0,0,0,20240617,20240628
626,0,0,0,0,0,0,0,20240618,20240625
627,0,0,0,0,0,0,0,20240701,20240712
628,0,0,0,0,0,0,0,20240702,20240709
629,0,0,0,0,0,0,0,20240715,20240818
630,0,0,0,0,0,0,0,20240819,20240901
631,0,0,0,0,0,0,0,20240820,20240827
632,0,0,0,0,0,0,0,20231210,20240408
633,0,0,0,0,0,0,0,20231210,20240407
634,0,0,0,0,0,0,0,20240414,20240609
635,0,0,0,0,0,0,0,20231210,20240407
636,0,0,0,0,0,0,0,20240414,20240609
637,0,0,0,0,0,0,0,20231216,20240408
638,0,0,0,0,0,0,0,20240409,20240901
639,0,0,0,0,0,0,0,20231210,20240408
640,0,0,0,0,0,0,0,20240309,20240330
641,0,0,0,0,0,0,0,20240316,20240317
642,0,0,0,0,0,0,0,20240409,20240901
643,0,0,0,0,0,0,0,20240413,20240504
644,0,0,0,0,0,0,0,20240427,20240428
645,0,0,0,0,0,0,0,20240511,20240518
646,0,0,0,0,0,0,0,20240601,20240602
647,0,0,0,0,0,0,0,20231210,20240408
648,0,0,0,0,0,0,0,20240310,20240331
649,0,0,0,0,0,0,0,20240409,20240901
650,0,0,0,0,0,0,0,20240414,20240421
651,0,0,0,0,0,0,0,20240512,20240519
652,0,0,0,0,0,0,0,20231210,20240407
653,0,0,0,0,0,0,0,20231218,20240408
654,0,0,0,0,0,0,0,20240409,20240817
655,0,0,0,0,0,0,0,20240414,20240901
656,0,0,0,0,0,0,0,20240819,20240831
657,0,0,0,0,0,0,0,20231210,20240408
658,0,0,0,0,0,0,0,20240317,20240317
659,0,0,0,0,0,0,0,20240409,20240901
660,0,0,0,0,0,0,0,20231210,20240407
661,0,0,0,0,0,0,0,20231211,20240408
662,0,0,0,0,0,0,0,20240409,20240614
663,0,0,0,0,0,0,0,20240413,20240616
664,0,0,0,0,0,0,0,20240617,20240901
665,0,0,0,0,0,0,0,20231223,20240330
666,0,0,0,0,0,0,0,20231210,20240408
667,0,0,0,0,0,0,0,20240409,20240614
668,0,0,0,0,0,0,0,20240413,20240608
669,0,0,0,0,0,0,0,20231210,20240407
670,0,0,0,0,0,0,0,20231211,20240408
671,0,0,0,0,0,0,0,20240409,20240816
672,0,0,0,0,0,0,0,20240414,20240901
673,0,0,0,0,0,0,0,20240620,20240620
674,0,0,0,0,0,0,0,20231210,20240408
675,0,0,0,0,0,0,0,20240409,20240901
676,0,0,0,0,0,0,0,20231210,20240408
677,0,0,0,0,0,0,0,20240409,20240614
678,0,0,0,0,0,0,0,20231210,20240408
679,0,0,0,0,0,0,0,20240409,20240901
680,0,0,0,0,0,0,0,20231210,20240408
681,0,0,0,0,0,0,0,20231223,20240406
682,0,0,0,0,0,0,0,20240409,20240901
683,0,0,0,0,0,0,0,20240414,20240505
684,0,0,0,0,0,0,0,20231210,20240407
685,0,0,0,0,0,0,0,20240414,20240606
686,0,0,0,0,0,0,0,20240519,20240526
687,0,0,0,0,0,0,0,20240602,20240609
688,0,0,0,0,0,0,0,20231210,20240407
689,0,0,0,0,0,0,0,20240413,20240609
690,0,0,0,0,0,0,0,20240615,20240818
691,0,0,0,0,0,0,0,20231210,20240408
692,0,0,0,0,0,0,0,20240409,20240512
693,0,0,0,0,0,0,0,20240527,20240609
694,0,0,0,0,0,0,0,20240610,20240611
695,0,0,0,0,0,0,0,20240612,20240816
696,0,0,0,0,0,0,0,20231210,20240407
697,0,0,0,0,0,0,0,20240414,20240609
698,0,0,0,0,0,0,0,20240413,20240511
699,0,0,0,0,0,0,0,20240513,20240524
700,0,0,0,0,0,0,0,20240518,20240525
701,0,0,0,0,0,0,0,20240527,20240608
702,0,0,0,0,0,0,0,20240610,20240818
703,0,0,0,0,0,0,0,20231210,20240407
704,0,0,0,0,0,0,0,20240414,20240512
705,0,0,0,0,0,0,0,20231216,20240406
706,0,0,0,0,0,0,0,20240413,20240504
707,0,0,0,0,0,0,0,20240525,20240901
708,0,0,0,0,0,0,0,20231211,20240408
709,0,0,0,0,0,0,0,20240409,20240511
710,0,0,0,0,0,0,0,20240525,20240901
711,0,0,0,0,0,0,0,20231210,20240407
712,0,0,0,0,0,0,0,20240414,20240901
713,0,0,0,0,0,0,0,20240506,20240510
714,0,0,0,0,0,0,0,20240603,20240830
715,0,0,0,0,0,0,0,20231210,20240407
716,0,0,0,0,0,0,0,20240414,20240505
717,0,0,0,0,0,0,0,20240409,20240510
718,0,0,0,0,0,0,0,20240526,20240901
719,0,0,0,0,0,0,0,20240527,20240614
720,0,0,0,0,0,0,0,20231211,20240408
721,0,0,0,0,0,0,0,20240409,20240609
722,0,0,0,0,0,0,0,20240413,20240608
723,0,0,0,0,0,0,0,20240610,20240811
724,0,0,0,0,0,0,0,20231210,20240407
725,0,0,0,0,0,0,0,20231210,20240407
726,0,0,0,0,0,0,0,20240414,20240614
727,0,0,0,0,0,0,0,20240409,20240512
728,0,0,0,0,0,0,0,20240518,20240526
729,0,0,0,0,0,0,0,20240527,20240901
730,0,0,0,0,0,0,0,20231210,20240408
731,0,0,0,0,0,0,0,20231216,20240406
732,0,0,0,0,0,0,0,20240409,20240614
733,0,0,0,0,0,0,0,20240413,20240616
734,0,0,0,0,0,0,0,20240617,20240818
735,0,0,0,0,0,0,0,20231210,20240408
736,0,0,0,0,0,0,0,20240513,20240515
737,0,0,0,0,0,0,0,20240516,20240516
738,0,0,0,0,0,0,0,20240520,20240614
739,0,0,0,0,0,0,0,20231210,20240407
740,0,0,0,0,0,0,0,20240413,20240609
741,0,0,0,0,0,0,0,20240610,20240818
742,0,0,0,0,0,0,0,20231210,20240408
743,0,0,0,0,0,0,0,20231210,20240408
744,0,0,0,0,0,0,0,20240409,20240505
745,0,0,0,0,0,0,0,20240513,20240609
746,0,0,0,0,0,0,0,20240610,20240816
747,0,0,0,0,0,0,0,20231210,20240407
748,0,0,0,0,0,0,0,20240414,20240609
749,0,0,0,0,0,0,0,20231211,20240408
750,0,0,0,0,0,0,0,20240615,20240818
751,0,0,0,0,0,0,0,20231210,20240407
752,0,0,0,0,0,0,0,20240414,20240428
753,0,0,0,0,0,0,0,20240501,20240901
754,0,0,0,0,0,0,0,20240606,20240616
755,0,0,0,0,0,0,0,20231210,20240408
756,0,0,0,0,0,0,0,20240304,20240408
757,0,0,0,0,0,0,0,20240412,20240901
758,0,0,0,0,0,0,0,20240409,20240425
759,0,0,0,0,0,0,0,20240429,20240613
760,0,0,0,0,0,0,0,20240513,20240516
761,0,0,0,0,0,0,0,20231210,20240407
762,0,0,0,0,0,0,0,20240414,20240602
763,0,0,0,0,0,0,0,20231217,20240407
764,0,0,0,0,0,0,0,20231211,20240405
765,0,0,0,0,0,0,0,20240414,20240609
766,0,0,0,0,0,0,0,20240415,20240517
767,0,0,0,0,0,0,0,20240524,20240614
768,0,0,0,0,0,0,0,20240616,20240623
769,0,0,0,0,0,0,0,20240617,20240620
770,0,0,0,0,0,0,0,20240626,20240628
771,0,0,0,0,0,0,0,20240701,20240731
772,0,0,0,0,0,0,0,20240714,20240818
773,0,0,0,0,0,0,0,20240801,20240830
774,0,0,0,0,0,0,0,20231210,20240407
775,0,0,0,0,0,0,0,20240426,20240517
776,0,0,0,0,0,0,0,20240524,20240602
777,0,0,0,0,0,0,0,20240603,20240613
778,0,0,0,0,0,0,0,20240608,20240619
779,0,0,0,0,0,0,0,20240701,20240707
780,0,0,0,0,0,0,0,20240708,20240731
781,0,0,0,0,0,0,0,20240711,20240804
782,0,0,0,0,0,0,0,20240725,20240725
783,0,0,0,0,0,0,0,20240805,20240901
784,0,0,0,0,0,0,0,20231210,20240407
785,0,0,0,0,0,0,0,20231216,20240406
786,0,0,0,0,0,0,0,20240311,20240404
787,0,0,0,0,0,0,0,20240315,20240405
788,0,0,0,0,0,0,0,20240419,20240614
789,0,0,0,0,0,0,0,20240415,20240516
790,0,0,0,0,0,0,0,20240414,20240623
791,0,0,0,0,0,0,0,20240413,20240615
792,0,0,0,0,0,0,0,20240708,20240708
793,0,0,0,0,0,0,0,20240709,20240830
794,0,0,0,0,0,0,0,20240713,20240831
795,0,0,0,0,0,0,0,20240714,20240901
796,0,0,0,0,0,0,0,20240722,20240722
797,0,0,0,0,0,0,0,20240723,20240723
798,0,0,0,0,0,0,0,20231216,20240408
799,0,0,0,0,0,0,0,20231210,20240407
800,0,0,0,0,0,0,0,20240409,20240608
801,0,0,0,0,0,0,0,20231210,20240408
802,0,0,0,0,0,0,0,20240409,20240901
803,0,0,0,0,0,0,0,20240701,20240707
804,0,0,0,0,0,0,0,20240708,20240724
805,0,0,0,0,0,0,0,20231210,20240407
806,0,0,0,0,0,0,0,20240408,20240412
807,0,0,0,0,0,0,0,20240520,20240523
808,0,0,0,0,0,0,0,20240524,20240623
809,0,0,0,0,0,0,0,20240701,20240708
810,0,0,0,0,0,0,0,20240709,20240901
811,0,0,0,0,0,0,0,20240722,20240724
812,0,0,0,0,0,0,0,20231210,20240408
813,0,0,0,0,0,0,0,20231231,20240406
814,0,0,0,0,0,0,0,20240409,20240624
815,0,0,0,0,0,0,0,20240413,20240608
816,0,0,0,0,0,0,0,20240615,20240817
817,0,0,0,0,0,0,0,20231210,20240407
818,0,0,0,0,0,0,0,20240304,20240408
819,0,0,0,0,0,0,0,20240414,20240616
820,0,0,0,0,0,0,0,20240409,20240620
821,0,0,0,0,0,0,0,20240624,20240625
822,0,0,0,0,0,0,0,20240701,20240830
823,0,0,0,0,0,0,0,20240707,20240901
824,0,0,0,0,0,0,0,20231210,20240408
825,0,0,0,0,0,0,0,20231216,20240406
826,0,0,0,0,0,0,0,20240409,20240901
827,0,0,0,0,0,0,0,20240413,20240831
828,0,0,0,0,0,0,0,20240413,20240525
829,0,0,0,0,0,0,0,20231210,20240408
830,0,0,0,0,0,0,0,20231215,20240405
831,0,0,0,0,0,0,0,20231216,20240406
832,0,0,0,0,0,0,0,20240409,20240618
833,0,0,0,0,0,0,0,20240412,20240620
834,0,0,0,0,0,0,0,20240413,20240817
835,0,0,0,0,0,0,0,20240419,20240426
836,0,0,0,0,0,0,0,20240619,20240815
837,0,0,0,0,0,0,0,20240628,20240816
838,0,0,0,0,0,0,0,20231210,20240407
839,0,0,0,0,0,0,0,20231211,20240412
840,0,0,0,0,0,0,0,20240413,20240602
841,0,0,0,0,0,0,0,20240415,20240426
842,0,0,0,0,0,0,0,20240417,20240418
843,0,0,0,0,0,0,0,20240429,20240705
844,0,0,0,0,0,0,0,20240621,20240818
845,0,0,0,0,0,0,0,20240708,20240816
846,0,0,0,0,0,0,0,20231210,20240327
847,0,0,0,0,0,0,0,20231215,20240328
848,0,0,0,0,0,0,0,20240405,20240406
849,0,0,0,0,0,0,0,20240402,20240410
850,0,0,0,0,0,0,0,20240412,20240413
851,0,0,0,0,0,0,0,20240416,20240707
852,0,0,0,0,0,0,0,20240419,20240622
853,0,0,0,0,0,0,0,20240503,20240504
854,0,0,0,0,0,0,0,20240514,20240514
855,0,0,0,0,0,0,0,20240515,20240515
856,0,0,0,0,0,0,0,20240531,20240601
857,0,0,0,0,0,0,0,20240628,20240831
858,0,0,0,0,0,0,0,20240708,20240829
859,0,0,0,0,0,0,0,20231210,20240327
860,0,0,0,0,0,0,0,20240401,20240409
861,0,0,0,0,0,0,0,20240328,20240331
862,0,0,0,0,0,0,0,20240410,20240428
863,0,0,0,0,0,0,0,20240418,20240419
864,0,0,0,0,0,0,0,20240520,20240613
865,0,0,0,0,0,0,0,20240527,20240527
866,0,0,0,0,0,0,0,20240614,20240728
867,0,0,0,0,0,0,0,20240729,20240831
868,0,0,0,0,0,0,0,20231210,20240408
869,0,0,0,0,0,0,0,20240409,20240430
870,0,0,0,0,0,0,0,20240411,20240425
871,0,0,0,0,0,0,0,20240413,20240428
872,0,0,0,0,0,0,0,20240501,20240602
873,0,0,0,0,0,0,0,20240603,20240616
874,0,0,0,0,0,0,0,20231210,20240407
875,0,0,0,0,0,0,0,20231211,20240408
876,0,0,0,0,0,0,0,20231210,20240407
877,0,0,0,0,0,0,0,20231210,20240408
878,0,0,0,0,0,0,0,20231210,20240408
879,0,0,0,0,0,0,0,20240329,20240401
880,0,0,0,0,0,0,0,20240409,20240616
881,0,0,0,0,0,0,0,20240621,20240818
882,0,0,0,0,0,0,0,20231211,20240408
883,0,0,0,0,0,0,0,20231210,20240408
884,0,0,0,0,0,0,0,20231215,20240405
885,0,0,0,0,0,0,0,20240819,20240901
886,0,0,0,0,0,0,0,20240617,20240818
887,0,0,0,0,0,0,0,20240409,20240901
888,0,0,0,0,0,0,0,20240527,20240531
889,0,0,0,0,0,0,0,20231211,20240408
890,0,0,0,0,0,0,0,20231210,20240407
891,0,0,0,0,0,0,0,20231211,20240408
892,0,0,0,0,0,0,0,20240409,20240426
893,0,0,0,0,0,0,0,20240415,20240503
894,0,0,0,0,0,0,0,20240506,20240830
895,0,0,0,0,0,0,0,20231210,20240408
896,0,0,0,0,0,0,0,20240409,20240613
897,0,0,0,0,0,0,0,20231211,20240408
898,0,0,0,0,0,0,0,20240409,20240818
899,0,0,0,0,0,0,0,20231210,20240408
900,0,0,0,0,0,0,0,20240409,20240818
901,0,0,0,0,0,0,0,20231210,20240408
902,0,0,0,0,0,0,0,20240409,20240818
903,0,0,0,0,0,0,0,20240608,20240615
904,0,0,0,0,0,0,0,20231210,20240408
905,0,0,0,0,0,0,0,20240409,20240818
906,0,0,0,0,0,0,0,20231210,20240408
907,0,0,0,0,0,0,0,20231223,20240406
908,0,0,0,0,0,0,0,20240304,20240331
909,0,0,0,0,0,0,0,20240401,20240505
910,0,0,0,0,0,0,0,20240603,20240901
911,0,0,0,0,0,0,0,20240506,20240531
912,0,0,0,0,0,0,0,20231223,20240330
913,0,0,0,0,0,0,0,20240304,20240408
914,0,0,0,0,0,0,0,20240506,20240901
915,0,0,0,0,0,0,0,20240409,20240505
916,0,0,0,0,0,0,0,20240621,20240817
917,0,0,0,0,0,0,0,20240831,20240831
918,0,0,0,0,0,0,0,20231211,20240408
919,0,0,0,0,0,0,0,20240409,20240818
920,0,0,0,0,0,0,0,20240414,20240609
921,0,0,0,0,0,0,0,20231216,20240324
922,0,0,0,0,0,0,0,20240509,20240511
923,0,0,0,0,0,0,0,20240409,20240614
924,0,0,0,0,0,0,0,20240402,20240408
925,0,0,0,0,0,0,0,20240412,20240614
926,0,0,0,0,0,0,0,20240409,20240409
927,0,0,0,0,0,0,0,20240410,20240613
928,0,0,0,0,0,0,0,20240701,20240712
929,0,0,0,0,0,0,0,20240715,20240810
930,0,0,0,0,0,0,0,20231211,20240318
931,0,0,0,0,0,0,0,20240319,20240322
932,0,0,0,0,0,0,0,20240325,20240328
933,0,0,0,0,0,0,0,20240408,20240408
934,0,0,0,0,0,0,0,20240411,20240412
935,0,0,0,0,0,0,0,20240415,20240614
936,0,0,0,0,0,0,0,20240423,20240423
937,0,0,0,0,0,0,0,20231211,20240327
938,0,0,0,0,0,0,0,20240318,20240318
939,0,0,0,0,0,0,0,20240415,20240628
940,0,0,0,0,0,0,0,20231211,20240328
941,0,0,0,0,0,0,0,20240410,20240701
942,0,0,0,0,0,0,0,20240608,20240831
943,0,0,0,0,0,0,0,20240402,20240628
944,0,0,0,0,0,0,0,20240608,20240621
945,0,0,0,0,0,0,0,20231223,20240408
946,0,0,0,0,0,0,0,20240409,20240831
947,0,0,0,0,0,0,0,20240409,20240531
948,0,0,0,0,0,0,0,20240413,20240601
949,0,0,0,0,0,0,0,20240603,20240614
950,0,0,0,0,0,0,0,20240617,20240816
951,0,0,0,0,0,0,0,20240621,20240817
952,0,0,0,0,0,0,0,20231211,20240408
953,0,0,0,0,0,0,0,20231216,20240406
954,0,0,0,0,0,0,0,20231211,20240408
955,0,0,0,0,0,0,0,20240603,20240628
956,0,0,0,0,0,0,0,20240603,20240628
957,0,0,0,0,0,0,0,20240604,20240626
958,0,0,0,0,0,0,0,20240409,20240830
959,0,0,0,0,0,0,0,20240415,20240426
960,0,0,0,0,0,0,0,20231211,20240408
961,0,0,0,0,0,0,0,20240325,20240325
962,0,0,0,0,0,0,0,20240326,20240328
963,0,0,0,0,0,0,0,20240409,20240412
964,0,0,0,0,0,0,0,20240415,20240422
965,0,0,0,0,0,0,0,20240416,20240423
966,0,0,0,0,0,0,0,20240417,20240424
967,0,0,0,0,0,0,0,20240425,20240425
968,0,0,0,0,0,0,0,20240429,20240607
969,0,0,0,0,0,0,0,20240610,20240613
970,0,0,0,0,0,0,0,20240612,20240612
971,0,0,0,0,0,0,0,20240614,20240830
972,0,0,0,0,0,0,0,20231211,20240408
973,0,0,0,0,0,0,0,20240409,20240830
974,0,0,0,0,0,0,0,20231211,20240318
975,0,0,0,0,0,0,0,20231212,20240403
976,0,0,0,0,0,0,0,20240305,20240319
977,0,0,0,0,0,0,0,20240320,20240328
978,0,0,0,0,0,0,0,20240402,20240405
979,0,0,0,0,0,0,0,20240408,20240430
980,0,0,0,0,0,0,0,20240409,20240604
981,0,0,0,0,0,0,0,20240502,20240531
982,0,0,0,0,0,0,0,20240603,20240620
983,0,0,0,0,0,0,0,20240618,20240820
984,0,0,0,0,0,0,0,20240624,20240628
985,0,0,0,0,0,0,0,20240703,20240703
986,0,0,0,0,0,0,0,20240704,20240712
987,0,0,0,0,0,0,0,20240709,20240709
988,0,0,0,0,0,0,0,20240715,20240719
989,0,0,0,0,0,0,0,20240722,20240830
990,0,0,0,0,0,0,0,20231211,20240408
991,0,0,0,0,0,0,0,20240420,20240713
992,0,0,0,0,0,0,0,20240513,20240530
993,0,0,0,0,0,0,0,20240603,20240628
994,0,0,0,0,0,0,0,20240715,20240831
995,0,0,0,0,0,0,0,20231211,20240408
996,0,0,0,0,0,0,0,20240409,20240831
997,0,0,0,0,0,0,0,20231211,20240408
998,0,0,0,0,0,0,0,20240409,20240508
999,0,0,0,0,0,0,0,20240515,20240531
1000,0,0,0,0,0,0,0,20240603,20240625
1001,0,0,0,0,0,0,0,20231211,20240408
1002,0,0,0,0,0,0,0,20240409,20240625
1003,0,0,0,0,0,0,0,20240701,20240828
1004,0,0,0,0,0,0,0,20240704,20240830
1005,0,0,0,0,0,0,0,20231211,20240408
1006,0,0,0,0,0,0,0,20240429,20240507
1007,0,0,0,0,0,0,0,20240515,20240620
1008,0,0,0,0,0,0,0,20240701,20240809
1009,0,0,0,0,0,0,0,20240413,20240831
1010,0,0,0,0,0,0,0,20240523,20240614
1011,0,0,0,0,0,0,0,20240617,20240705
1012,0,0,0,0,0,0,0,20240708,20240726
1013,0,0,0,0,0,0,0,20231211,20240408
1014,0,0,0,0,0,0,0,20240427,20240621
1015,0,0,0,0,0,0,0,20240626,20240629
1016,0,0,0,0,0,0,0,20240701,20240706
1017,0,0,0,0,0,0,0,20240708,20240831
1018,0,0,0,0,0,0,0,20231211,20240408
1019,0,0,0,0,0,0,0,20240412,20240830
1020,0,0,0,0,0,0,0,20240205,20240408
1021,0,0,0,0,0,0,0,20240409,20240830
1022,0,0,0,0,0,0,0,20240513,20240527
1023,0,0,0,0,0,0,0,20240409,20240830
1024,0,0,0,0,0,0,0,20240527,20240528
1025,0,0,0,0,0,0,0,20231211,20240408
1026,0,0,0,0,0,0,0,20240409,20240831
1027,0,0,0,0,0,0,0,20231211,20240408
1028,0,0,0,0,0,0,0,20231215,20240405
1029,0,0,0,0,0,0,0,20231211,20240408
1030,0,0,0,0,0,0,0,20240409,20240831
1031,0,0,0,0,0,0,0,20240603,20240610
1032,0,0,0,0,0,0,0,20240604,20240614
1033,0,0,0,0,0,0,0,20240820,20240830
1034,0,0,0,0,0,0,0,20231211,20240408
1035,0,0,0,0,0,0,0,20231213,20240403
1036,0,0,0,0,0,0,0,20240410,20240612
1037,0,0,0,0,0,0,0,20240409,20240614
1038,0,0,0,0,0,0,0,20240820,20240830
1039,0,0,0,0,0,0,0,20240819,20240819
1040,0,0,0,0,0,0,0,20240821,20240828
1041,0,0,0,0,0,0,0,20231211,20240408
1042,0,0,0,0,0,0,0,20240409,20240503
1043,0,0,0,0,0,0,0,20240513,20240614
1044,0,0,0,0,0,0,0,20231211,20240408
1045,0,0,0,0,0,0,0,20231211,20240408
1046,0,0,0,0,0,0,0,20240415,20240610
1047,0,0,0,0,0,0,0,20240603,20240603
1048,0,0,0,0,0,0,0,20240819,20240826
1049,0,0,0,0,0,0,0,20231211,20240408
1050,0,0,0,0,0,0,0,20231211,20240408
1051,0,0,0,0,0,0,0,20231211,20240408
1052,0,0,0,0,0,0,0,20240208,20240407
1053,0,0,0,0,0,0,0,20240414,20240613
1054,0,0,0,0,0,0,0,20240409,20240612
1055,0,0,0,0,0,0,0,20240819,20240828
1056,0,0,0,0,0,0,0,20240822,20240901
1057,0,0,0,0,0,0,0,20231211,20240408
1058,0,0,0,0,0,0,0,20240409,20240504
1059,0,0,0,0,0,0,0,20240527,20240816
1060,0,0,0,0,0,0,0,20240409,20240610
1061,0,0,0,0,0,0,0,20240611,20240614
1062,0,0,0,0,0,0,0,20231211,20240408
1063,0,0,0,0,0,0,0,20240409,20240614
1064,0,0,0,0,0,0,0,20231211,20240408
1065,0,0,0,0,0,0,0,20240527,20240607
1066,0,0,0,0,0,0,0,20240610,20240619
1067,0,0,0,0,0,0,0,20240614,20240620
1068,0,0,0,0,0,0,0,20240624,20240830
1069,0,0,0,0,0,0,0,20240506,20240614
1070,0,0,0,0,0,0,0,20240409,20240830
1071,0,0,0,0,0,0,0,20240610,20240628
1072,0,0,0,0,0,0,0,20231211,20240408
1073,0,0,0,0,0,0,0,20240524,20240614
1074,0,0,0,0,0,0,0,20240603,20240613
1075,0,0,0,0,0,0,0,20240410,20240614
1076,0,0,0,0,0,0,0,20231211,20240408
1077,0,0,0,0,0,0,0,20240409,20240614
1078,0,0,0,0,0,0,0,20231211,20240327
1079,0,0,0,0,0,0,0,20240410,20240426
1080,0,0,0,0,0,0,0,20240429,20240614
1081,0,0,0,0,0,0,0,20240409,20240614
1082,0,0,0,0,0,0,0,20231211,20240408
1083,0,0,0,0,0,0,0,20240430,20240614
1084,0,0,0,0,0,0,0,20240412,20240628
1085,0,0,0,0,0,0,0,20240416,20240416
1086,0,0,0,0,0,0,0,20231211,20240327
1087,0,0,0,0,0,0,0,20240402,20240409
1088,0,0,0,0,0,0,0,20240410,20240425
1089,0,0,0,0,0,0,0,20240429,20240613
1090,0,0,0,0,0,0,0,20240430,20240614
1091,0,0,0,0,0,0,0,20240409,20240614
1092,0,0,0,0,0,0,0,20240409,20240426
1093,0,0,0,0,0,0,0,20240412,20240426
1094,0,0,0,0,0,0,0,20240429,20240614
1095,0,0,0,0,0,0,0,20240210,20240407
1096,0,0,0,0,0,0,0,20240413,20240901
1097,0,0,0,0,0,0,0,20231212,20240408
1098,0,0,0,0,0,0,0,20240409,20240901
1099,0,0,0,0,0,0,0,20240826,20240826
1100,0,0,0,0,0,0,0,20231214,20240405
1101,0,0,0,0,0,0,0,20240411,20240614
1102,0,0,0,0,0,0,0,20240516,20240517
1103,0,0,0,0,0,0,0,20240530,20240530
1104,0,0,0,0,0,0,0,20240613,20240613
1105,0,0,0,0,0,0,0,20240822,20240830
1106,0,0,0,0,0,0,0,20231216,20240406
1107,0,0,0,0,0,0,0,20231216,20240406
1108,0,0,0,0,0,0,0,20240420,20240831
1109,0,0,0,0,0,0,0,20240210,20240406
1110,0,0,0,0,0,0,0,20240413,20240831
1111,0,0,0,0,0,0,0,20240511,20240525
1112,0,0,0,0,0,0,0,20231216,20240323
1113,0,0,0,0,0,0,0,20231216,20240406
1114,0,0,0,0,0,0,0,20240305,20240408
1115,0,0,0,0,0,0,0,20240615,20240818
1116,0,0,0,0,0,0,0,20240413,20240608
1117,0,0,0,0,0,0,0,20240420,20240831
1118,0,0,0,0,0,0,0,20231216,20240406
1119,0,0,0,0,0,0,0,20240409,20240614
1120,0,0,0,0,0,0,0,20240413,20240621
1121,0,0,0,0,0,0,0,20240617,20240816
1122,0,0,0,0,0,0,0,20240304,20240408
1123,0,0,0,0,0,0,0,20240411,20240620
1124,0,0,0,0,0,0,0,20240409,20240707
1125,0,0,0,0,0,0,0,20240410,20240619
1126,0,0,0,0,0,0,0,20240610,20240612
1127,0,0,0,0,0,0,0,20240701,20240816
1128,0,0,0,0,0,0,0,20240702,20240702
1129,0,0,0,0,0,0,0,20240709,20240818
1130,0,0,0,0,0,0,0,20240819,20240901
1131,0,0,0,0,0,0,0,20231217,20240407
1132,0,0,0,0,0,0,0,20240414,20240901
1133,0,0,0,0,0,0,0,20240413,20240518
1134,0,0,0,0,0,0,0,20240506,20240901
1135,0,0,0,0,0,0,0,20240409,20240505
1136,0,0,0,0,0,0,0,20240629,20240817
1137,0,0,0,0,0,0,0,20240120,20240408
1138,0,0,0,0,0,0,0,20240409,20240608
1139,0,0,0,0,0,0,0,20240610,20240707
1140,0,0,0,0,0,0,0,20240713,20240804
1141,0,0,0,0,0,0,0,20240805,20240831
1142,0,0,0,0,0,0,0,20240122,20240503
1143,0,0,0,0,0,0,0,20240205,20240408
1144,0,0,0,0,0,0,0,20240409,20240901
1145,0,0,0,0,0,0,0,20240509,20240523
1146,0,0,0,0,0,0,0,20240205,20240408
1147,0,0,0,0,0,0,0,20240409,20240421
1148,0,0,0,0,0,0,0,20240422,20240426
1149,0,0,0,0,0,0,0,20240503,20240505
1150,0,0,0,0,0,0,0,20240506,20240509
1151,0,0,0,0,0,0,0,20240512,20240519
1152,0,0,0,0,0,0,0,20240520,20240616
1153,0,0,0,0,0,0,0,20240605,20240606
1154,0,0,0,0,0,0,0,20240205,20240408
1155,0,0,0,0,0,0,0,20240409,20240421
1156,0,0,0,0,0,0,0,20240422,20240430
1157,0,0,0,0,0,0,0,20240503,20240505
1158,0,0,0,0,0,0,0,20240510,20240614
1159,0,0,0,0,0,0,0,20240616,20240818
1160,0,0,0,0,0,0,0,20240211,20240407
1161,0,0,0,0,0,0,0,20240205,20240613
1162,0,0,0,0,0,0,0,20240617,20240630
1163,0,0,0,0,0,0,0,20240701,20240728
1164,0,0,0,0,0,0,0,20240706,20240727
1165,0,0,0,0,0,0,0,20240729,20240818
1166,0,0,0,0,0,0,0,20240209,20240321
1167,0,0,0,0,0,0,0,20240320,20240320
1168,0,0,0,0,0,0,0,20240322,20240322
1169,0,0,0,0,0,0,0,20240325,20240326
1170,0,0,0,0,0,0,0,20240401,20240404
1171,0,0,0,0,0,0,0,20240407,20240411
1172,0,0,0,0,0,0,0,20240414,20240415
1173,0,0,0,0,0,0,0,20240416,20240421
1174,0,0,0,0,0,0,0,20240426,20240428
1175,0,0,0,0,0,0,0,20240501,20240620
1176,0,0,0,0,0,0,0,20240521,20240522
1177,0,0,0,0,0,0,0,20240623,20240713
1178,0,0,0,0,0,0,0,20240714,20240829
1179,0,0,0,0,0,0,0,20240729,20240830
1180,0,0,0,0,0,0,0,20240211,20240407
1181,0,0,0,0,0,0,0,20240217,20240406
1182,0,0,0,0,0,0,0,20240327,20240327
1183,0,0,0,0,0,0,0,20240218,20240401
1184,0,0,0,0,0,0,0,20240225,20240407
1185,0,0,0,0,0,0,0,20240225,20240407
1186,0,0,0,0,0,0,0,20240414,20240901
1187,0,0,0,0,0,0,0,20240414,20240901
1188,0,0,0,0,0,0,0,20240304,20240406
1189,0,0,0,0,0,0,0,20240305,20240402
1190,0,0,0,0,0,0,0,20240309,20240323
1191,0,0,0,0,0,0,0,20240408,20240411
1192,0,0,0,0,0,0,0,20240414,20240419
1193,0,0,0,0,0,0,0,20240421,20240430
1194,0,0,0,0,0,0,0,20240501,20240714
1195,0,0,0,0,0,0,0,20240507,20240820
1196,0,0,0,0,0,0,0,20240715,20240901
1197,0,0,0,0,0,0,0,20240304,20240408
1198,0,0,0,0,0,0,0,20240308,20240405
1199,0,0,0,0,0,0,0,20240412,20240614
1200,0,0,0,0,0,0,0,20240304,20240407
1201,0,0,0,0,0,0,0,20240413,20240419
1202,0,0,0,0,0,0,0,20240426,20240517
1203,0,0,0,0,0,0,0,20240701,20240731
1204,0,0,0,0,0,0,0,20240304,20240408
1205,0,0,0,0,0,0,0,20240328,20240401
1206,0,0,0,0,0,0,0,20240409,20240613
1207,0,0,0,0,0,0,0,20240304,20240327
1208,0,0,0,0,0,0,0,20240412,20240426
1209,0,0,0,0,0,0,0,20240624,20240628
1210,0,0,0,0,0,0,0,20240430,20240614
1211,0,0,0,0,0,0,0,20240304,20240328
1212,0,0,0,0,0,0,0,20240603,20240607
1213,0,0,0,0,0,0,0,20240506,20240531
1214,0,0,0,0,0,0,0,20240610,20240818
1215,0,0,0,0,0,0,0,20240304,20240503
1216,0,0,0,0,0,0,0,20240305,20240901
1217,0,0,0,0,0,0,0,20240318,20240320
1218,0,0,0,0,0,0,0,20240319,20240319
1219,0,0,0,0,0,0,0,20240321,20240321
1220,0,0,0,0,0,0,0,20240306,20240901
1221,0,0,0,0,0,0,0,20240306,20240901
1222,0,0,0,0,0,0,0,20240326,20240326
1223,0,0,0,0,0,0,0,20240329,20240831
1224,0,0,0,0,0,0,0,20240304,20240408
1225,0,0,0,0,0,0,0,20240506,20240901
1226,0,0,0,0,0,0,0,20240409,20240505
1227,0,0,0,0,0,0,0,20240311,20240408
1228,0,0,0,0,0,0,0,20240317,20240407
1229,0,0,0,0,0,0,0,20240428,20240616
1230,0,0,0,0,0,0,0,20240622,20240623
1231,0,0,0,0,0,0,0,20240701,20240818
1232,0,0,0,0,0,0,0,20240402,20240408
1233,0,0,0,0,0,0,0,20240409,20240614
1234,0,0,0,0,0,0,0,20240329,20240831
1235,0,0,0,0,0,0,0,20240510,20240511
1236,0,0,0,0,0,0,0,20240405,20240408
1237,0,0,0,0,0,0,0,20240402,20240407
1238,0,0,0,0,0,0,0,20240405,20240408
1239,0,0,0,0,0,0,0,20240509,20240511
1240,0,0,0,0,0,0,0,20240405,20240407
1241,0,0,0,0,0,0,0,20240328,20240401
1242,0,0,0,0,0,0,0,20240419,20240421
1243,0,0,0,0,0,0,0,20240430,20240501
1244,0,0,0,0,0,0,0,20240402,20240409
1245,0,0,0,0,0,0,0,20240511,20240608
1246,0,0,0,0,0,0,0,20240430,20240614
1247,0,0,0,0,0,0,0,20240818,20240901
1248,0,0,0,0,0,0,0,20240605,20240614
1249,0,0,0,0,0,0,0,20240605,20240614
1250,0,0,0,0,0,0,0,20240603,20240614
1251,0,0,0,0,0,0,0,20240409,20240611
1252,0,0,0,0,0,0,0,20240603,20240818
1253,0,0,0,0,0,0,0,20240603,20240818
1254,0,0,0,0,0,0,0,20240506,20240614
1255,0,0,0,0,0,0,0,20240430,20240613
1256,0,0,0,0,0,0,0,20240430,20240614
1257,0,0,0,0,0,0,0,20240430,20240614
1258,0,0,0,0,0,0,0,20240511,20240609
1259,0,0,0,0,0,0,0,20240512,20240609
1260,0,0,0,0,0,0,0,20240429,20240621
1261,0,0,0,0,0,0,0,20240430,20240614
1262,0,0,0,0,0,0,0,20240509,20240526
1263,0,0,0,0,0,0,0,20240510,20240527
1264,0,0,0,0,0,0,0,20240510,20240526
1265,0,0,0,0,0,0,0,20240615,20240623
1266,0,0,0,0,0,0,0,20240624,20240707
1267,0,0,0,0,0,0,0,20240727,20240804
1268,0,0,0,0,0,0,0,20240805,20240818
1269,0,0,0,0,0,0,0,20240615,20240818
1270,0,0,0,0,0,0,0,20240615,20240630
1271,0,0,0,0,0,0,0,20240701,20240811
1272,0,0,0,0,0,0,0,20240615,20240629
1273,0,0,0,0,0,0,0,20240701,20240810
1274,0,0,0,0,0,0,0,20240701,20240811
1275,0,0,0,0,0,0,0,20240616,20240818
1276,0,0,0,0,0,0,0,20240701,20240810
1277,0,0,0,0,0,0,0,20240821,20240830
1278,0,0,0,0,0,0,0,20231210,20240609
1279,0,0,0,0,0,0,0,20231210,20240408
1280,0,0,0,0,0,0,0,20231211,20240610
1281,0,0,0,0,0,0,0,20231216,20240608
1282,0,0,0,0,0,0,0,20231215,20240406
1283,0,0,0,0,0,0,0,20231217,20240609
1284,0,0,0,0,0,0,0,20240409,20240901
1285,0,0,0,0,0,0,0,20240412,20240831
1286,0,0,0,0,0,0,0,20240416,20240426
1287,0,0,0,0,0,0,0,20240416,20240425
1288,0,0,0,0,0,0,0,20240419,20240426
1289,0,0,0,0,0,0,0,20240521,20240524
1290,0,0,0,0,0,0,0,20231210,20240602
1291,0,0,0,0,0,0,0,20231210,20240324
1292,0,0,0,0,0,0,0,20231211,20240602
1293,0,0,0,0,0,0,0,20231211,20240412
1294,0,0,0,0,0,0,0,20240402,20240410
1295,0,0,0,0,0,0,0,20240414,20240428
1296,0,0,0,0,0,0,0,20240415,20240426
1297,0,0,0,0,0,0,0,20240416,20240427
1298,0,0,0,0,0,0,0,20240417,20240417
1299,0,0,0,0,0,0,0,20240429,20240604
1300,0,0,0,0,0,0,0,20240602,20240901
1301,0,0,0,0,0,0,0,20240505,20240506
1302,0,0,0,0,0,0,0,20240528,20240530
1303,0,0,0,0,0,0,0,20231211,20240531
1304,0,0,0,0,0,0,0,20231216,20240323
1305,0,0,0,0,0,0,0,20231215,20240328
1306,0,0,0,0,0,0,0,20231216,20240623
1307,0,0,0,0,0,0,0,20240416,20240901
1308,0,0,0,0,0,0,0,20240416,20240707
1309,0,0,0,0,0,0,0,20240419,20240830
1310,0,0,0,0,0,0,0,20240420,20240831
1311,0,0,0,0,0,0,0,20231210,20240323
1312,0,0,0,0,0,0,0,20231211,20240410
1313,0,0,0,0,0,0,0,20240401,20240408
1314,0,0,0,0,0,0,0,20240409,20240901
1315,0,0,0,0,0,0,0,20240411,20240608
1316,0,0,0,0,0,0,0,20231212,20240402
1317,0,0,0,0,0,0,0,20240304,20240406
1318,0,0,0,0,0,0,0,20240408,20240430
1319,0,0,0,0,0,0,0,20240715,20240901
1320,0,0,0,0,0,0,0,20240205,20240321
1321,0,0,0,0,0,0,0,20240210,20240327
1322,0,0,0,0,0,0,0,20240402,20240405
1323,0,0,0,0,0,0,0,20240403,20240404
1324,0,0,0,0,0,0,0,20240415,20240416
1325,0,0,0,0,0,0,0,20240417,20240422
1326,0,0,0,0,0,0,0,20240423,20240426
1327,0,0,0,0,0,0,0,20240427,20240429
1328,0,0,0,0,0,0,0,20240502,20240621
1329,0,0,0,0,0,0,0,20231210,20240414
1330,0,0,0,0,0,0,0,20240420,20240602
1331,0,0,0,0,0,0,0,20231210,20240602
1332,0,0,0,0,0,0,0,20240509,20240512
1333,0,0,0,0,0,0,0,20231211,20240531
1334,0,0,0,0,0,0,0,20231210,20240602
1335,0,0,0,0,0,0,0,20231210,20240602
1336,0,0,0,0,0,0,0,20240524,20240526
1337,0,0,0,0,0,0,0,20240429,20240531
1338,0,0,0,0,0,0,0,20231210,20240414
1339,0,0,0,0,0,0,0,20231211,20240531
1340,0,0,0,0,0,0,0,20240510,20240513
1341,0,0,0,0,0,0,0,20231211,20240601
1342,0,0,0,0,0,0,0,20231210,20240414
1343,0,0,0,0,0,0,0,20231211,20240412
1344,0,0,0,0,0,0,0,20240415,20240531
1345,0,0,0,0,0,0,0,20231210,20240414
1346,0,0,0,0,0,0,0,20240415,20240602
1347,0,0,0,0,0,0,0,20231210,20240414
1348,0,0,0,0,0,0,0,20231210,20240414
1349,0,0,0,0,0,0,0,20240420,20240602
1350,0,0,0,0,0,0,0,20240525,20240527
1351,0,0,0,0,0,0,0,20240506,20240510
1352,0,0,0,0,0,0,0,20240318,20240321
1353,0,0,0,0,0,0,0,20240319,20240321
1354,0,0,0,0,0,0,0,20231217,20240328
1355,0,0,0,0,0,0,0,20240404,20240428
1356,0,0,0,0,0,0,0,20231223,20240323
1357,0,0,0,0,0,0,0,20231223,20240330
1358,0,0,0,0,0,0,0,20231230,20240330
1359,0,0,0,0,0,0,0,20240211,20240328
1360,0,0,0,0,0,0,0,20240222,20240328
1361,0,0,0,0,0,0,0,20240404,20240418
1362,0,0,0,0,0,0,0,20240301,20240329
1363,0,0,0,0,0,0,0,20240229,20240328
1364,0,0,0,0,0,0,0,20240404,20240407
1365,0,0,0,0,0,0,0,20240411,20240421
1366,0,0,0,0,0,0,0,20240309,20240330
1367,0,0,0,0,0,0,0,20240309,20240330
1368,0,0,0,0,0,0,0,20240315,20240322
1369,0,0,0,0,0,0,0,20240405,20240426
1370,0,0,0,0,0,0,0,20240407,20240421
1371,0,0,0,0,0,0,0,20240322,20240329
1372,0,0,0,0,0,0,0,20240323,20240330
1373,0,0,0,0,0,0,0,20240401,20240426
1374,0,0,0,0,0,0,0,20240317,20240324
1375,0,0,0,0,0,0,0,20240322,20240330
1376,0,0,0,0,0,0,0,20240401,20240420
1377,0,0,0,0,0,0,0,20240318,20240330
1378,0,0,0,0,0,0,0,20240401,20240427
1379,0,0,0,0,0,0,0,20240407,20240428
1380,0,0,0,0,0,0,0,20240318,20240323
1381,0,0,0,0,0,0,0,20240325,20240330
1382,0,0,0,0,0,0,0,20240319,20240323
1383,0,0,0,0,0,0,0,20240320,20240330
1384,0,0,0,0,0,0,0,20240403,20240427
1385,0,0,0,0,0,0,0,20240403,20240406
1386,0,0,0,0,0,0,0,20240324,20240327
1387,0,0,0,0,0,0,0,20240401,20240428
1388,0,0,0,0,0,0,0,20240326,20240327
1389,0,0,0,0,0,0,0,20240402,20240428
1390,0,0,0,0,0,0,0,20231210,20240901
1391,0,0,0,0,0,0,0,20240313,20240531
1392,0,0,0,0,0,0,0,20240314,20240531
1393,0,0,0,0,0,0,0,20231210,20240901
1394,0,0,0,0,0,0,0,20231210,20240901
1395,0,0,0,0,0,0,0,20231210,20240901
1396,0,0,0,0,0,0,0,20231210,20240901
1397,0,0,0,0,0,0,0,20231210,20240901
1398,0,0,0,0,0,0,0,20240315,20240531
1399,0,0,0,0,0,0,0,20231210,20240901
1400,0,0,0,0,0,0,0,20240314,20240531
1401,0,0,0,0,0,0,0,20231216,20240601
1402,0,0,0,0,0,0,0,20240420,20240518
1403,0,0,0,0,0,0,0,20231210,20240602
1404,0,0,0,0,0,0,0,20240421,20240519
1405,0,0,0,0,0,0,0,20231211,20240901
1406,0,0,0,0,0,0,0,20231211,20240901
1407,0,0,0,0,0,0,0,20240314,20240526
1408,0,0,0,0,0,0,0,20231210,20240901
1409,0,0,0,0,0,0,0,20231211,20240901
1410,0,0,0,0,0,0,0,20240314,20240601
1411,0,0,0,0,0,0,0,20231214,20240531
1412,0,0,0,0,0,0,0,20231214,20240531
1413,0,0,0,0,0,0,0,20231214,20240531
1414,0,0,0,0,0,0,0,20231215,20240531
1415,0,0,0,0,0,0,0,20231210,20240602
1416,0,0,0,0,0,0,0,20231210,20240602
1417,0,0,0,0,0,0,0,20231210,20240602
1418,0,0,0,0,0,0,0,20231210,20240602
1419,0,0,0,0,0,0,0,20231210,20240602
1420,0,0,0,0,0,0,0,20231210,20240602
1421,0,0,0,0,0,0,0,20231215,20240322
1422,0,0,0,0,0,0,0,20240405,20240531
1423,0,0,0,0,0,0,0,20231215,20240531
1424,0,0,0,0,0,0,0,20231216,20240601
1425,0,0,0,0,0,0,0,20231216,20240601
1426,0,0,0,0,0,0,0,20240113,20240601
1427,0,0,0,0,0,0,0,20240121,20240428
1428,0,0,0,0,0,0,0,20240505,20240519
1429,0,0,0,0,0,0,0,20240526,20240602
1430,0,0,0,0,0,0,0,20240127,20240413
1431,0,0,0,0,0,0,0,20240504,20240525
1432,0,0,0,0,0,0,0,20240406,20240601
1433,0,0,0,0,0,0,0,20240211,20240602
1434,0,0,0,0,0,0,0,20240211,20240602
1435,0,0,0,0,0,0,0,20240211,20240602
1436,0,0,0,0,0,0,0,20240211,20240602
1437,0,0,0,0,0,0,0,20240225,20240602
1438,0,0,0,0,0,0,0,20240420,20240518
