route_id,agency_id,route_short_name,route_long_name,route_type,route_desc
9011074000100000,393900000000000074,521,,100,
9011074000200000,393900000000000074,10,,100,
9011074000300000,393900000000000074,11,,100,
9011074000400000,393900000000000074,160,,100,
9011074000500000,393900000000000074,162,,100,
9011074000600000,393900000000000074,163,,100,
9011074000700000,393900000000000074,164,,100,
9011074000800000,393900000000000074,165,,100,
9011074000900000,393900000000000074,166,,100,
9011074001000000,393900000000000074,167,,100,
9011074001100000,393900000000000074,168,,100,
9011074001200000,393900000000000074,169,,100,
9011074001300000,393900000000000074,17,,100,
9011074001400000,393900000000000074,170,,100,
9011074001500000,393900000000000074,171,,100,
9011074001600000,393900000000000074,172,,100,
9011074001700000,393900000000000074,173,,100,
9011074001800000,393900000000000074,174,,100,
9011074001900000,393900000000000074,175,,100,
9011074002000000,393900000000000074,176,,100,
9011074002100000,393900000000000074,177,,100,
9011074002200000,393900000000000074,178,,100,
9011074002300000,393900000000000074,179,,100,
9011074002400000,393900000000000074,18,,100,
9011074002500000,393900000000000074,180,,100,
9011074002600000,393900000000000074,181,,100,
9011074002700000,393900000000000074,182,,100,
9011074002800000,393900000000000074,183,,100,
9011074002900000,393900000000000074,184,,100,
9011074003000000,393900000000000074,185,,100,
9011074003100000,393900000000000074,186,,100,
9011074003200000,393900000000000074,187,,100,
9011074003300000,393900000000000074,188,,100,
9011074003400000,393900000000000074,189,,100,
9011074003500000,393900000000000074,190,,100,
9011074003600000,393900000000000074,191,,100,
9011074003700000,393900000000000074,192,,100,
9011074003800000,393900000000000074,193,,100,
9011074003900000,393900000000000074,195,,100,
9011074004000000,393900000000000074,196,,100,
9011074004100000,393900000000000074,21,,100,
9011074004200000,393900000000000074,22,,100,
9011074004300000,393900000000000074,25,,100,
9011074004400000,393900000000000074,257,,100,
9011074004500000,393900000000000074,26,,100,
9011074004600000,393900000000000074,262,,100,
9011074004700000,393900000000000074,265,,100,
9011074004800000,393900000000000074,266,,100,
9011074004900000,393900000000000074,269,,100,
9011074005000000,393900000000000074,270,,100,
9011074005100000,393900000000000074,273,,100,
9011074005200000,393900000000000074,274,,100,
9011074005300000,393900000000000074,277,,100,
9011074005400000,393900000000000074,278,,100,
9011074005500000,393900000000000074,281,,100,
9011074005600000,393900000000000074,282,,100,
9011074005700000,393900000000000074,283,,100,
9011074005800000,393900000000000074,285,,100,
9011074005900000,393900000000000074,286,,100,
9011074006000000,393900000000000074,287,,100,
9011074006100000,393900000000000074,290,,100,
9011074006200000,393900000000000074,331,,100,
9011074006300000,393900000000000074,332,,100,
9011074006400000,393900000000000074,336,,100,
9011074006500000,393900000000000074,339,,100,
9011074006600000,393900000000000074,355,,100,
9011074006700000,393900000000000074,356,,100,
9011074006800000,393900000000000074,363,,100,
9011074006900000,393900000000000074,364,,100,
9011074007000000,393900000000000074,367,,100,
9011074007100000,393900000000000074,368,,100,
9011074007200000,393900000000000074,371,,100,
9011074007300000,393900000000000074,372,,100,
9011074007400000,393900000000000074,375,,100,
9011074007500000,393900000000000074,376,,100,
9011074007600000,393900000000000074,379,,100,
9011074007700000,393900000000000074,410,,100,
9011074007800000,393900000000000074,42,,100,
9011074007900000,393900000000000074,425,,100,
9011074008000000,393900000000000074,426,,100,
9011074008100000,393900000000000074,427,,100,
9011074008200000,393900000000000074,428,,100,
9011074008300000,393900000000000074,429,,100,
9011074008400000,393900000000000074,430,,100,
9011074008500000,393900000000000074,431,,100,
9011074008600000,393900000000000074,432,,100,
9011074008700000,393900000000000074,433,,100,
9011074008800000,393900000000000074,434,,100,
9011074008900000,393900000000000074,435,,100,
9011074009000000,393900000000000074,436,,100,
9011074009100000,393900000000000074,437,,100,
9011074009200000,393900000000000074,438,,100,
9011074009300000,393900000000000074,439,,100,
9011074009400000,393900000000000074,440,,100,
9011074009500000,393900000000000074,441,,100,
9011074009600000,393900000000000074,442,,100,
9011074009700000,393900000000000074,443,,100,
9011074009800000,393900000000000074,444,,100,
9011074009900000,393900000000000074,445,,100,
9011074010000000,393900000000000074,446,,100,
9011074010100000,393900000000000074,447,,100,
9011074010200000,393900000000000074,448,,100,
9011074010300000,393900000000000074,449,,100,
9011074010400000,393900000000000074,45,,100,
9011074010500000,393900000000000074,450,,100,
9011074010600000,393900000000000074,451,,100,
9011074010700000,393900000000000074,452,,100,
9011074010800000,393900000000000074,453,,100,
9011074010900000,393900000000000074,467,,100,
9011074011000000,393900000000000074,47,,100,
9011074011100000,393900000000000074,487,,100,
9011074011200000,393900000000000074,488,,100,
9011074011300000,393900000000000074,490,,100,
9011074011400000,393900000000000074,492,,100,
9011074011500000,393900000000000074,493,,100,
9011074011600000,393900000000000074,494,,100,
9011074011700000,393900000000000074,495,,100,
9011074011800000,393900000000000074,502,,100,
9011074011900000,393900000000000074,506,,100,
9011074012000000,393900000000000074,511,,100,
9011074012100000,393900000000000074,525,,100,
9011074012200000,393900000000000074,527,,100,
9011074012300000,393900000000000074,528,,100,
9011074012400000,393900000000000074,530,,100,
9011074012500000,393900000000000074,533,,100,
9011074012600000,393900000000000074,534,,100,
9011074012700000,393900000000000074,535,,100,
9011074012800000,393900000000000074,539,,100,
9011074012900000,393900000000000074,54,,100,
9011074013000000,393900000000000074,542,,100,
9011074013100000,393900000000000074,544,,100,
9011074013200000,393900000000000074,551,,100,
9011074013300000,393900000000000074,564,,100,
9011074013400000,393900000000000074,566,,100,
9011074013500000,393900000000000074,567,,100,
9011074013600000,393900000000000074,570,,100,
9011074013700000,393900000000000074,571,,100,
9011074013800000,393900000000000074,572,,100,
9011074013900000,393900000000000074,573,,100,
9011074014000000,393900000000000074,575,,100,
9011074014100000,393900000000000074,576,,100,
9011074014200000,393900000000000074,577,,100,
9011074014300000,393900000000000074,578,,100,
9011074014400000,393900000000000074,579,,100,
9011074014500000,393900000000000074,580,,100,
9011074014600000,393900000000000074,582,,100,
9011074014700000,393900000000000074,583,,100,
9011074014800000,393900000000000074,584,,100,
9011074014900000,393900000000000074,585,,100,
9011074015000000,393900000000000074,588,,100,
9011074015100000,393900000000000074,589,,100,
9011074015200000,393900000000000074,595,,100,
9011074015300000,393900000000000074,598,,100,
9011074015400000,393900000000000074,599,,100,
9011074015500000,393900000000000074,626,,100,
9011074015600000,393900000000000074,629,,100,
9011074015700000,393900000000000074,630,,100,
9011074015800000,393900000000000074,634,,100,
9011074015900000,393900000000000074,635,,100,
9011074016000000,393900000000000074,638,,100,
9011074016100000,393900000000000074,639,,100,
9011074016200000,393900000000000074,644,,100,
9011074016300000,393900000000000074,645,,100,
9011074016400000,393900000000000074,648,,100,
9011074016500000,393900000000000074,70,,100,
9011074016600000,393900000000000074,71,,100,
9011074016700000,393900000000000074,74,,100,
9011074016800000,393900000000000074,77,,100,
9011074016900000,393900000000000074,80,,100,
9011074017000000,393900000000000074,806,,100,
9011074017100000,393900000000000074,810,,100,
9011074017200000,393900000000000074,813,,100,
9011074017300000,393900000000000074,814,,100,
9011074017400000,393900000000000074,817,,100,
9011074017500000,393900000000000074,818,,100,
9011074017600000,393900000000000074,821,,100,
9011074017700000,393900000000000074,822,,100,
9011074017800000,393900000000000074,825,,100,
9011074017900000,393900000000000074,826,,100,
9011074018000000,393900000000000074,829,,100,
9011074018100000,393900000000000074,830,,100,
9011074018200000,393900000000000074,833,,100,
9011074018300000,393900000000000074,834,,100,
9011074018400000,393900000000000074,837,,100,
9011074018500000,393900000000000074,838,,100,
9011074018600000,393900000000000074,841,,100,
9011074018700000,393900000000000074,842,,100,
9011074018800000,393900000000000074,845,,100,
9011074018900000,393900000000000074,846,,100,
9011074019000000,393900000000000074,849,,100,
9011074019100000,393900000000000074,85,,100,
9011074019200000,393900000000000074,850,,100,
9011074019300000,393900000000000074,853,,100,
9011074019400000,393900000000000074,854,,100,
9011074019500000,393900000000000074,857,,100,
9011074019600000,393900000000000074,858,,100,
9011074019700000,393900000000000074,861,,100,
9011074019800000,393900000000000074,862,,100,
9011074019900000,393900000000000074,865,,100,
9011074020000000,393900000000000074,866,,100,
9011074020100000,393900000000000074,869,,100,
9011074020200000,393900000000000074,870,,100,
9011074020300000,393900000000000074,873,,100,
9011074020400000,393900000000000074,874,,100,
9011074020500000,393900000000000074,877,,100,
9011074020600000,393900000000000074,405,,100,
9011074020700000,393900000000000074,531,,100,
9011074020800000,393900000000000074,537,,100,
9011074020900000,393900000000000074,541,,100,
9011074021000000,393900000000000074,543,,100,
9011074021100000,393900000000000074,532,,100,
9011074021200000,393900000000000074,536,,100,
9011074021300000,393900000000000074,546,,100,
9011074021400000,393900000000000074,548,,100,
9011074021500000,393900000000000074,491,,100,
9011074021600000,393900000000000074,486,,100,
9011074021700000,393900000000000074,12,,100,
9011074021800000,393900000000000074,13,,100,
9011074021900000,393900000000000074,153,,100,
9011074022000000,393900000000000074,156,,100,
9011074022100000,393900000000000074,157,,100,
9011074022200000,393900000000000074,158,,100,
9011074022300000,393900000000000074,159,,100,
9011074022400000,393900000000000074,161,,100,
9011074022500000,393900000000000074,20,,100,
9011074022600000,393900000000000074,256,,100,
9011074022700000,393900000000000074,259,,100,
9011074022800000,393900000000000074,261,,100,
9011074022900000,393900000000000074,263,,100,
9011074023000000,393900000000000074,264,,100,
9011074023100000,393900000000000074,267,,100,
9011074023200000,393900000000000074,268,,100,
9011074023300000,393900000000000074,271,,100,
9011074023400000,393900000000000074,272,,100,
9011074023500000,393900000000000074,275,,100,
9011074023600000,393900000000000074,279,,100,
9011074023700000,393900000000000074,280,,100,
9011074023800000,393900000000000074,284,,100,
9011074023900000,393900000000000074,288,,100,
9011074024000000,393900000000000074,293,,100,
9011074024100000,393900000000000074,319,,100,
9011074024200000,393900000000000074,322,,100,
9011074024300000,393900000000000074,327,,100,
9011074024400000,393900000000000074,344,,100,
9011074024500000,393900000000000074,350,,100,
9011074024600000,393900000000000074,351,,100,
9011074024700000,393900000000000074,352,,100,
9011074024800000,393900000000000074,359,,100,
9011074024900000,393900000000000074,360,,100,
9011074025000000,393900000000000074,402,,100,
9011074025100000,393900000000000074,41,,100,
9011074025200000,393900000000000074,419,,100,
9011074025300000,393900000000000074,420,,100,
9011074025400000,393900000000000074,421,,100,
9011074025500000,393900000000000074,422,,100,
9011074025600000,393900000000000074,423,,100,
9011074025700000,393900000000000074,424,,100,
9011074025800000,393900000000000074,462,,100,
9011074025900000,393900000000000074,481,,100,
9011074026000000,393900000000000074,482,,100,
9011074026100000,393900000000000074,485,,100,
9011074026200000,393900000000000074,510,,100,
9011074026300000,393900000000000074,517,,100,
9011074026400000,393900000000000074,520,,100,
9011074026500000,393900000000000074,522,,100,
9011074026600000,393900000000000074,524,,100,
9011074026700000,393900000000000074,549,,100,
9011074026800000,393900000000000074,560,,100,
9011074026900000,393900000000000074,561,,100,
9011074027000000,393900000000000074,562,,100,
9011074027100000,393900000000000074,563,,100,
9011074027200000,393900000000000074,565,,100,
9011074027300000,393900000000000074,569,,100,
9011074027400000,393900000000000074,590,,100,
9011074027500000,393900000000000074,591,,100,
9011074027600000,393900000000000074,620,,100,
9011074027700000,393900000000000074,621,,100,
9011074027800000,393900000000000074,627,,100,
9011074027900000,393900000000000074,778,,100,
9011074028000000,393900000000000074,779,,100,
9011074028100000,393900000000000074,780,,100,
9011074028200000,393900000000000074,782,,100,
9011074028300000,393900000000000074,783,,100,
9011074028400000,393900000000000074,785,,100,
9011074028500000,393900000000000074,786,,100,
9011074028600000,393900000000000074,787,,100,
9011074028700000,393900000000000074,788,,100,
9011074028800000,393900000000000074,789,,100,
9011074028900000,393900000000000074,792,,100,
9011074029000000,393900000000000074,794,,100,
9011074029100000,393900000000000074,795,,100,
9011074029200000,393900000000000074,796,,100,
9011074029300000,393900000000000074,797,,100,
9011074029400000,393900000000000074,799,,100,
9011074029500000,393900000000000074,526,,100,
9011074029600000,393900000000000074,343,,100,
9011074029700000,393900000000000074,552,,100,
9011074029800000,393900000000000074,15,,100,
9011074029900000,393900000000000074,323,,100,
9011074030000000,393900000000000074,328,,100,
9011074030100000,393900000000000074,43,,100,
9011074030200000,393900000000000074,483,,100,
9011074030300000,393900000000000074,51,,100,
9011074030400000,393900000000000074,568,,100,
9011074030500000,393900000000000074,587,,100,
9011074030600000,393900000000000074,597,,100,
9011074030700000,393900000000000074,622,,100,
9011074030800000,393900000000000074,642,,100,
9011074030900000,393900000000000074,348,,100,
9011074031000000,393900000000000074,529,,100,
9011074031100000,393900000000000074,19,,100,
9011074031200000,393900000000000074,66590,,700,
9011074031300000,393900000000000074,14,,100,
9011074031400000,393900000000000074,48,,100,
9011074031500000,393900000000000074,545,,100,
9011074031600000,393900000000000074,547,,100,
9011074031700000,393900000000000074,550,,100,
9011074031800000,393900000000000074,2,,100,
9011074031900000,393900000000000074,554,,100,
9011074032000000,393900000000000074,68,,100,
9011074032100000,393900000000000074,67,,100,
9011074032200000,393900000000000074,46,,100,
9011074032300000,393900000000000074,49,,100,
9011074032400000,393900000000000074,1,,100,
9011074032500000,393900000000000074,27,,100,
9011074032600000,393900000000000074,623,,100,
9011074032700000,393900000000000074,647,,100,
9011074032800000,393900000000000074,790,,100,
9011074032900000,393900000000000074,791,,100,
9011074033000000,393900000000000074,519,,100,
9011074033100000,393900000000000074,60590,,700,
9011074033200000,393900000000000074,345,,100,
9011074033300000,393900000000000074,346,,100,
9011074033400000,393900000000000074,13402,,100,
9011074033500000,393900000000000074,538,,100,
9011074033600000,393900000000000074,643,,100,
9011074033700000,393900000000000074,10527,,100,
9011074033800000,393900000000000074,10531,,100,
9011074033900000,393900000000000074,10532,,100,
9011074034000000,393900000000000074,10548,,100,
9011074034100000,393900000000000074,60525,,700,
9011074034200000,393900000000000074,60529,,700,
9011074034300000,393900000000000074,60533,,700,
9011074034400000,393900000000000074,60537,,700,
9011074034500000,393900000000000074,60541,,700,
9011074034600000,393900000000000074,60545,,700,
9011074034700000,393900000000000074,60534,,700,
9011074034800000,393900000000000074,60538,,700,
9011074034900000,393900000000000074,60542,,700,
9011074035000000,393900000000000074,60546,,700,
9011074035100000,393900000000000074,10540,,100,
9011074035200000,393900000000000074,60550,,700,
9011074035300000,393900000000000074,60526,,700,
9011074035400000,393900000000000074,60530,,700,
9011074035500000,393900000000000074,10545,,100,
9011074035600000,393900000000000074,505,,100,
9011074035700000,393900000000000074,13401,,100,
9011074035800000,393900000000000074,60520,,700,
9011074035900000,393900000000000074,60639,,700,
9011074036000000,393900000000000074,60647,,700,
9011074036100000,393900000000000074,60778,,700,
9011074036200000,393900000000000074,61778,,700,
9011074036300000,393900000000000074,60161,,700,
9011074036400000,393900000000000074,60782,,700,
9011074036500000,393900000000000074,60163,,700,
9011074036600000,393900000000000074,60786,,700,
9011074036700000,393900000000000074,60165,,700,
9011074036800000,393900000000000074,60780,,700,
9011074036900000,393900000000000074,60167,,700,
9011074037000000,393900000000000074,60169,,700,
9011074037100000,393900000000000074,60171,,700,
9011074037200000,393900000000000074,60173,,700,
9011074037300000,393900000000000074,60175,,700,
9011074037400000,393900000000000074,60177,,700,
9011074037500000,393900000000000074,60179,,700,
9011074037600000,393900000000000074,60790,,700,
9011074037700000,393900000000000074,60181,,700,
9011074037800000,393900000000000074,60183,,700,
9011074037900000,393900000000000074,60185,,700,
9011074038000000,393900000000000074,60796,,700,
9011074038100000,393900000000000074,60187,,700,
9011074038200000,393900000000000074,60191,,700,
9011074038300000,393900000000000074,60193,,700,
9011074038400000,393900000000000074,61161,,700,
9011074038500000,393900000000000074,61782,,700,
9011074038600000,393900000000000074,61163,,700,
9011074038700000,393900000000000074,61786,,700,
9011074038800000,393900000000000074,61165,,700,
9011074038900000,393900000000000074,61780,,700,
9011074039000000,393900000000000074,61167,,700,
9011074039100000,393900000000000074,61169,,700,
9011074039200000,393900000000000074,61171,,700,
9011074039300000,393900000000000074,61173,,700,
9011074039400000,393900000000000074,61175,,700,
9011074039500000,393900000000000074,61177,,700,
9011074039600000,393900000000000074,61179,,700,
9011074039700000,393900000000000074,61790,,700,
9011074039800000,393900000000000074,61181,,700,
9011074039900000,393900000000000074,61183,,700,
9011074040000000,393900000000000074,61185,,700,
9011074040100000,393900000000000074,61796,,700,
9011074040200000,393900000000000074,61187,,700,
9011074040300000,393900000000000074,61191,,700,
9011074040400000,393900000000000074,61193,,700,
9011074040500000,393900000000000074,60195,,700,
9011074040600000,393900000000000074,61195,,700,
9011074040700000,393900000000000074,60779,,700,
9011074040800000,393900000000000074,61779,,700,
9011074040900000,393900000000000074,60156,,700,
9011074041000000,393900000000000074,60783,,700,
9011074041100000,393900000000000074,60158,,700,
9011074041200000,393900000000000074,60160,,700,
9011074041300000,393900000000000074,60787,,700,
9011074041400000,393900000000000074,60162,,700,
9011074041500000,393900000000000074,60789,,700,
9011074041600000,393900000000000074,60164,,700,
9011074041700000,393900000000000074,60166,,700,
9011074041800000,393900000000000074,60168,,700,
9011074041900000,393900000000000074,60170,,700,
9011074042000000,393900000000000074,60172,,700,
9011074042100000,393900000000000074,60174,,700,
9011074042200000,393900000000000074,60791,,700,
9011074042300000,393900000000000074,60176,,700,
9011074042400000,393900000000000074,60178,,700,
9011074042500000,393900000000000074,60797,,700,
9011074042600000,393900000000000074,60180,,700,
9011074042700000,393900000000000074,60799,,700,
9011074042800000,393900000000000074,60182,,700,
9011074042900000,393900000000000074,60184,,700,
9011074043000000,393900000000000074,60186,,700,
9011074043100000,393900000000000074,60188,,700,
9011074043200000,393900000000000074,61156,,700,
9011074043300000,393900000000000074,61783,,700,
9011074043400000,393900000000000074,61158,,700,
9011074043500000,393900000000000074,61160,,700,
9011074043600000,393900000000000074,61787,,700,
9011074043700000,393900000000000074,61162,,700,
9011074043800000,393900000000000074,61789,,700,
9011074043900000,393900000000000074,61164,,700,
9011074044000000,393900000000000074,61166,,700,
9011074044100000,393900000000000074,61168,,700,
9011074044200000,393900000000000074,61170,,700,
9011074044300000,393900000000000074,61172,,700,
9011074044400000,393900000000000074,61174,,700,
9011074044500000,393900000000000074,61791,,700,
9011074044600000,393900000000000074,61176,,700,
9011074044700000,393900000000000074,61178,,700,
9011074044800000,393900000000000074,61797,,700,
9011074044900000,393900000000000074,61180,,700,
9011074045000000,393900000000000074,61799,,700,
9011074045100000,393900000000000074,61182,,700,
9011074045200000,393900000000000074,61184,,700,
9011074045300000,393900000000000074,61186,,700,
9011074045400000,393900000000000074,61188,,700,
9011074045500000,393900000000000074,60190,,700,
9011074045600000,393900000000000074,61190,,700,
9011074045700000,393900000000000074,60376,,700,
9011074045800000,393900000000000074,60375,,700,
9011074045900000,393900000000000074,60635,,700,
9011074046000000,393900000000000074,60645,,700,
9011074046100000,393900000000000074,61645,,700,
9011074046200000,393900000000000074,60623,,700,
9011074046300000,393900000000000074,60629,,700,
9011074046400000,393900000000000074,61629,,700,
9011074046500000,393900000000000074,60630,,700,
9011074046600000,393900000000000074,61638,,700,
9011074046700000,393900000000000074,60638,,700,
9011074046800000,393900000000000074,60642,,700,
9011074046900000,393900000000000074,60622,,700,
9011074047000000,393900000000000074,60648,,700,
9011074047100000,393900000000000074,61648,,700,
9011074047200000,393900000000000074,60189,,700,
9011074047300000,393900000000000074,61189,,700,
9011074047400000,393900000000000074,62180,,700,
9011074047500000,393900000000000074,62160,,700,
9011074047600000,393900000000000074,62184,,700,
9011074047700000,393900000000000074,63443,,700,
9011074047800000,393900000000000074,63459,,700,
9011074047900000,393900000000000074,63134,,700,
9011074048000000,393900000000000074,63460,,700,
9011074048100000,393900000000000074,63424,,700,
9011074048200000,393900000000000074,63444,,700,
9011074048300000,393900000000000074,60356,,700,
9011074048400000,393900000000000074,60360,,700,
9011074048500000,393900000000000074,60364,,700,
9011074048600000,393900000000000074,60368,,700,
9011074048700000,393900000000000074,60355,,700,
9011074048800000,393900000000000074,60359,,700,
9011074048900000,393900000000000074,60363,,700,
9011074049000000,393900000000000074,60367,,700,
9011074049100000,393900000000000074,60643,,700,
9011074049200000,393900000000000074,60634,,700,
9011074049300000,393900000000000074,60192,,700,
9011074049400000,393900000000000074,63476,,700,
9011074049500000,393900000000000074,63432,,700,
9011074049600000,393900000000000074,60372,,700,
9011074049700000,393900000000000074,60371,,700,
9011074049800000,393900000000000074,60626,,700,
9011074049900000,393900000000000074,60644,,700,
9011074050000000,393900000000000074,62163,,700,
9011074050100000,393900000000000074,62169,,700,
9011074050200000,393900000000000074,62173,,700,
9011074050300000,393900000000000074,62177,,700,
9011074050400000,393900000000000074,62179,,700,
9011074050500000,393900000000000074,62183,,700,
9011074050600000,393900000000000074,62187,,700,
9011074050700000,393900000000000074,62193,,700,
9011074050800000,393900000000000074,62162,,700,
9011074050900000,393900000000000074,62164,,700,
9011074051000000,393900000000000074,62168,,700,
9011074051100000,393900000000000074,62172,,700,
9011074051200000,393900000000000074,62176,,700,
9011074051300000,393900000000000074,62182,,700,
9011074051400000,393900000000000074,62186,,700,
9011074051500000,393900000000000074,62188,,700,
9011074051600000,393900000000000074,60379,,700,
9011074051700000,393900000000000074,10176,,100,
9011074051800000,393900000000000074,10177,,100,
9011074051900000,393900000000000074,10179,,100,
9011074052000000,393900000000000074,10181,,100,
9011074052100000,393900000000000074,10183,,100,
9011074052200000,393900000000000074,10185,,100,
9011074052300000,393900000000000074,10178,,100,
9011074052400000,393900000000000074,10180,,100,
9011074052500000,393900000000000074,10182,,100,
9011074052600000,393900000000000074,10184,,100,
9011074052700000,393900000000000074,10186,,100,
9011074052800000,393900000000000074,10187,,100,
9011074052900000,393900000000000074,10188,,100,
9011074053000000,393900000000000074,10189,,100,
9011074053100000,393900000000000074,60352,,700,
9011074053200000,393900000000000074,10190,,100,
9011074053300000,393900000000000074,10160,,100,
9011074053400000,393900000000000074,10161,,100,
9011074053500000,393900000000000074,10162,,100,
9011074053600000,393900000000000074,10163,,100,
9011074053700000,393900000000000074,10164,,100,
9011074053800000,393900000000000074,10165,,100,
9011074053900000,393900000000000074,10166,,100,
9011074054000000,393900000000000074,10167,,100,
9011074054100000,393900000000000074,10168,,100,
9011074054200000,393900000000000074,10169,,100,
9011074054300000,393900000000000074,10170,,100,
9011074054400000,393900000000000074,10171,,100,
9011074054500000,393900000000000074,10172,,100,
9011074054600000,393900000000000074,10173,,100,
9011074054700000,393900000000000074,10174,,100,
9011074054800000,393900000000000074,10175,,100,
9011074054900000,393900000000000074,816,,100,
9011074055000000,393900000000000074,10193,,100,
9011074055100000,393900000000000074,60157,,700,
9011074055200000,393900000000000074,61621,,700,
9011074055300000,393900000000000074,60621,,700,
9011074055400000,393900000000000074,61626,,700,
9011074055500000,393900000000000074,109,,100,
9011074055600000,393900000000000074,380,,100,
9011074055700000,393900000000000074,381,,100,
9011074055800000,393900000000000074,384,,100,
9011074055900000,393900000000000074,385,,100,
9011074056000000,393900000000000074,401,,100,
9011074056100000,393900000000000074,403,,100,
9011074056200000,393900000000000074,404,,100,
9011074056300000,393900000000000074,406,,100,
9011074056400000,393900000000000074,408,,100,
9011074056500000,393900000000000074,10494,,100,
9011074056600000,393900000000000074,523,,100,
9011074056700000,393900000000000074,540,,100,
9011074056800000,393900000000000074,704,,100,
9011074056900000,393900000000000074,706,,100,
9011074057000000,393900000000000074,808,,100,
9011074057100000,393900000000000074,812,,100,
9011074057200000,393900000000000074,819,,100,
9011074057300000,393900000000000074,823,,100,
9011074057400000,393900000000000074,836,,100,
9011074057500000,393900000000000074,851,,100,
9011074057600000,393900000000000074,855,,100,
9011074057700000,393900000000000074,859,,100,
9011074057800000,393900000000000074,860,,100,
9011074057900000,393900000000000074,864,,100,
9011074058000000,393900000000000074,871,,100,
9011074058100000,393900000000000074,60159,,700,
9011074058200000,393900000000000074,60293,,700,
9011074058300000,393900000000000074,60280,,700,
9011074058400000,393900000000000074,701,,100,
9011074058500000,393900000000000074,703,,100,
9011074058600000,393900000000000074,811,,100,
9011074058700000,393900000000000074,815,,100,
9011074058800000,393900000000000074,820,,100,
9011074058900000,393900000000000074,824,,100,
9011074059000000,393900000000000074,827,,100,
9011074059100000,393900000000000074,828,,100,
9011074059200000,393900000000000074,831,,100,
9011074059300000,393900000000000074,832,,100,
9011074059400000,393900000000000074,835,,100,
9011074059500000,393900000000000074,839,,100,
9011074059600000,393900000000000074,840,,100,
9011074059700000,393900000000000074,843,,100,
9011074059800000,393900000000000074,844,,100,
9011074059900000,393900000000000074,847,,100,
9011074060000000,393900000000000074,848,,100,
9011074060100000,393900000000000074,852,,100,
9011074060200000,393900000000000074,856,,100,
9011074060300000,393900000000000074,863,,100,
9011074060400000,393900000000000074,867,,100,
9011074060500000,393900000000000074,868,,100,
9011074060600000,393900000000000074,60350,,700,
9011074060700000,393900000000000074,60085,,700,
9011074060800000,393900000000000074,60080,,700,
9011074060900000,393900000000000074,60598,,700,
9011074061000000,393900000000000074,60048,,700,
9011074061100000,393900000000000074,60041,,700,
9011074061200000,393900000000000074,60047,,700,
9011074061300000,393900000000000074,60042,,700,
9011074061400000,393900000000000074,60043,,700,
9011074061500000,393900000000000074,60045,,700,
9011074061600000,393900000000000074,60049,,700,
9011074061700000,393900000000000074,60046,,700,
9011074061800000,393900000000000074,16,,100,
9011074061900000,393900000000000074,23,,100,
9011074062000000,393900000000000074,31,,100,
9011074062100000,393900000000000074,32,,100,
9011074062200000,393900000000000074,36,,100,
9011074062300000,393900000000000074,39,,100,
9011074062400000,393900000000000074,260,,100,
9011074062500000,393900000000000074,20355,,100,
9011074062600000,393900000000000074,83864,,100,
9011074062700000,393900000000000074,513,,100,
9011074062800000,393900000000000074,512,,100,
9011074062900000,393900000000000074,60,,100,
9011074063000000,393900000000000074,104,,100,
9011074063100000,393900000000000074,61,,100,
9011074063200000,393900000000000074,70,,100,
9011074063300000,393900000000000074,71,,100,
9011074063400000,393900000000000074,74,,100,
9011074063500000,393900000000000074,77,,100,
9011074063600000,393900000000000074,1,,100,
9011074063700000,393900000000000074,2,,100,
9011074063800000,393900000000000074,68,,100,
9011074063900000,393900000000000074,67,,100,
9011315000100000,393900000000000315,385,,100,
9011315000200000,393900000000000315,387,,100,
9011315000300000,393900000000000315,391,,100,
9011315000400000,393900000000000315,393,,100,
9011315000500000,393900000000000315,395,,100,
9011315000600000,393900000000000315,397,,100,
9011315000700000,393900000000000315,383,,100,
9011315000800000,393900000000000315,389,,100,
9011315000900000,393900000000000315,382,,100,
9011315001000000,393900000000000315,384,,100,
9011315001100000,393900000000000315,386,,100,
9011315001200000,393900000000000315,388,,100,
9011315001300000,393900000000000315,390,,100,
9011315001400000,393900000000000315,392,,100,
9011315001500000,393900000000000315,396,,100,
9011315001600000,393900000000000315,398,,100,
9011315001700000,393900000000000315,394,,100,
9011315001800000,393900000000000315,60397,,700,
9011315001900000,393900000000000315,60395,,700,
9011315002000000,393900000000000315,60391,,700,
9011315002100000,393900000000000315,60389,,700,
9011315002200000,393900000000000315,60387,,700,
9011315002300000,393900000000000315,60385,,700,
9011315002400000,393900000000000315,60398,,700,
9011315002500000,393900000000000315,60396,,700,
9011315002600000,393900000000000315,60394,,700,
9011315002700000,393900000000000315,60390,,700,
9011315002800000,393900000000000315,60388,,700,
9011315002900000,393900000000000315,60386,,700,
9011315003000000,393900000000000315,60384,,700,
9011315003100000,393900000000000315,60383,,700,
9011315003200000,393900000000000315,70383,,700,
9011315003300000,393900000000000315,70384,,700,
9011315003400000,393900000000000315,70385,,700,
9011315003500000,393900000000000315,70387,,700,
9011315003600000,393900000000000315,70389,,700,
9011315003700000,393900000000000315,70386,,700,
9011315003800000,393900000000000315,70388,,700,
9011315003900000,393900000000000315,70390,,700,
9011315004000000,393900000000000315,60382,,700,
9011315004100000,393900000000000315,80385,,700,
9011315004200000,393900000000000315,80387,,700,
9011315004300000,393900000000000315,80389,,700,
9011315004400000,393900000000000315,70397,,700,
9011315004500000,393900000000000315,70394,,700,
9011380000100000,393900000000000380,13941,,700,
9011380000200000,393900000000000380,13942,,700,
9011380000300000,393900000000000380,3941,,100,
9011380000400000,393900000000000380,3942,,100,
9011380000500000,393900000000000380,13940,,700,
9011380000600000,393900000000000380,3940,,100,
9011380000700000,393900000000000380,3943,,100,
9011380000800000,393900000000000380,33900,,700,
9011380000900000,393900000000000380,630,,700,
9011380001000000,393900000000000380,650,,700,
9011380001100000,393900000000000380,651,,700,
9011380001200000,393900000000000380,610,,700,
9011380001300000,393900000000000380,640,,700,
9011380001400000,393900000000000380,550,,700,
9011380001500000,393900000000000380,551,,700,
9011380001600000,393900000000000380,560,,700,
9011380001700000,393900000000000380,570,,700,
9011380001800000,393900000000000380,620,,700,
9011380001900000,393900000000000380,631,,700,
9011380002000000,393900000000000380,611,,700,
9011380002100000,393900000000000380,641,,700,
9011380002200000,393900000000000380,561,,700,
9011380002300000,393900000000000380,571,,700,
9011380002400000,393900000000000380,621,,700,
9011380002500000,393900000000000380,3901,,100,
9011380002600000,393900000000000380,23900,,700,
9011380002700000,393900000000000380,305,,100,
9011380002800000,393900000000000380,43900,,700,
9011380002900000,393900000000000380,13901,,100,
9011380003000000,393900000000000380,304,,100,
9011380003100000,393900000000000380,3904,,100,
9011380003200000,393900000000000380,3905,,100,
9011380003300000,393900000000000380,33950,,700,
9011380003400000,393900000000000380,73940,,700,
9011380003500000,393900000000000380,3941,,100,
9011380003600000,393900000000000380,3942,,100,
9011380003700000,393900000000000380,3940,,100,
9011380003800000,393900000000000380,93940,,700,
9011380003900000,393900000000000380,83940,,700,
9011380004000000,393900000000000380,3943,,100,
9011380004100000,393900000000000380,3900,,100,
9011380004200000,393900000000000380,13900,,100,
9011380004300000,393900000000000380,301,,100,
9011380004400000,393900000000000380,10300,,100,
9011380004500000,393900000000000380,300,,100,
9011380004600000,393900000000000380,10301,,100,
9011380004700000,393900000000000380,3902,,100,
9011380004800000,393900000000000380,3903,,100,
9011512000100000,393900000000000512,94,,100,
9011512000200000,393900000000000512,93,,100,
9011512000300000,393900000000000512,3963,,100,
9011512000400000,393900000000000512,3962,,100,
9011512000500000,393900000000000512,91,,100,
9011512000600000,393900000000000512,92,,100,
9011512000700000,393900000000000512,95,,100,
9011512000800000,393900000000000512,96,,100,
9011512000900000,393900000000000512,17090,,100,
9011512001000000,393900000000000512,17091,,100,
9011512001100000,393900000000000512,17103,,100,
9011512001200000,393900000000000512,3965,,100,
9011512001300000,393900000000000512,3964,,100,
9011512001400000,393900000000000512,50096,,700,
9011512001500000,393900000000000512,50094,,700,
9011512001600000,393900000000000512,50093,,700,
9011512001700000,393900000000000512,50095,,700,
9011512001800000,393900000000000512,57090,,700,
9011512001900000,393900000000000512,57091,,700,
9011512002000000,393900000000000512,57103,,700,
9011512002100000,393900000000000512,94,,100,
9011512002200000,393900000000000512,93,,100,
9011512002300000,393900000000000512,3962,,100,
9011512002400000,393900000000000512,3964,,100,
9011586000100000,393900000000000586,7052,,100,
9011586000200000,393900000000000586,7053,,100,
9011586000300000,393900000000000586,7051,,100,
9011586000400000,393900000000000586,7054,,100,
9011586000500000,393900000000000586,7055,,100,
9011586000600000,393900000000000586,7056,,100,
9011586000700000,393900000000000586,7047,,100,
9011586000800000,393900000000000586,7040,,100,
9011586000900000,393900000000000586,7036,,100,
9011586001000000,393900000000000586,7034,,100,
9011586001100000,393900000000000586,7041,,100,
9011586001200000,393900000000000586,17043,,100,
9011586001300000,393900000000000586,7023,,100,
9011586001400000,393900000000000586,7024,,100,
9011586001500000,393900000000000586,7059,,100,
9011586001600000,393900000000000586,7060,,100,
9011586001700000,393900000000000586,7063,,100,
9011586001800000,393900000000000586,7064,,100,
9011586001900000,393900000000000586,7067,,100,
9011586002000000,393900000000000586,37045,,100,
9011586002100000,393900000000000586,37061,,100,
9011586002200000,393900000000000586,37060,,100,
9011586002300000,393900000000000586,7042,,100,
9011586002400000,393900000000000586,7035,,100,
9011586002500000,393900000000000586,7038,,100,
9011586002600000,393900000000000586,7030,,100,
9011586002700000,393900000000000586,7044,,100,
9011586002800000,393900000000000586,17003,,100,
9011586002900000,393900000000000586,7004,,100,
9011586003000000,393900000000000586,17005,,100,
9011586003100000,393900000000000586,97034,,700,
9011586003200000,393900000000000586,97040,,700,
9011586003300000,393900000000000586,97041,,700,
9011586003400000,393900000000000586,97047,,700,
9011586003500000,393900000000000586,97035,,700,
9011586003600000,393900000000000586,97135,,700,
9011586003700000,393900000000000586,97059,,700,
9011586003800000,393900000000000586,97060,,700,
9011586003900000,393900000000000586,97067,,700,
9011586004000000,393900000000000586,97063,,700,
9011586004100000,393900000000000586,97064,,700,
9011586004200000,393900000000000586,97036,,700,
9011586004300000,393900000000000586,97054,,700,
9011586004400000,393900000000000586,97038,,700,
9011586004500000,393900000000000586,97052,,700,
