from_stop_id,to_stop_id,transfer_type,min_transfer_time,from_trip_id,to_trip_id
9022074000008001,9022074000008001,1,,393900000000000398,393900000000000421
9022074000008001,9022074000008001,1,,393900000000001170,393900000000000421
9022074000008001,9022074000008001,1,,393900000000001845,393900000000001389
9022074000008001,9022074000008001,1,,393900000000001989,393900000000001389
9022074000008001,9022074000008001,1,,393900000000002379,393900000000001389
9022074000008001,9022074000008001,1,,393900000000002856,393900000000001389
9022074000008001,9022074000008001,1,,393900000000003325,393900000000001389
9022074000008001,9022074000008001,1,,393900000000004605,393900000000004613
9022074000002001,9022074000002001,1,,393900000000000012,393900000000000071
9022074000002001,9022074000002001,1,,393900000000000240,393900000000000071
9022074000002001,9022074000002001,1,,393900000000000399,393900000000000071
9022074000002001,9022074000002001,1,,393900000000001060,393900000000000071
9022074000002001,9022074000002001,1,,393900000000001060,393900000000001358
9022074000002001,9022074000002001,1,,393900000000001705,393900000000003755
9022074000002001,9022074000002001,1,,393900000000001705,393900000000002479
9022074000002001,9022074000002001,1,,393900000000001705,393900000000002795
9022074000002001,9022074000002001,1,,393900000000001705,393900000000001358
9022074000002001,9022074000002001,1,,393900000000001705,393900000000003268
9022074000002001,9022074000002001,1,,393900000000001805,393900000000001358
9022074000002001,9022074000002001,1,,393900000000001901,393900000000001358
9022074000002001,9022074000002001,1,,393900000000001990,393900000000002015
9022074000002001,9022074000002001,1,,393900000000001990,393900000000001358
9022074000002001,9022074000002001,1,,393900000000002064,393900000000002015
9022074000002001,9022074000002001,1,,393900000000002064,393900000000002272
9022074000002001,9022074000002001,1,,393900000000002064,393900000000002298
9022074000002001,9022074000002001,1,,393900000000002064,393900000000001358
9022074000002001,9022074000002001,1,,393900000000002064,393900000000003268
9022074000002001,9022074000002001,1,,393900000000002064,393900000000002704
9022074000002001,9022074000002001,1,,393900000000002359,393900000000001358
9022074000002001,9022074000002001,1,,393900000000002686,393900000000002704
9022074000002001,9022074000002001,1,,393900000000002914,393900000000002874
9022074000002001,9022074000002001,1,,393900000000003326,393900000000003268
9022074000002001,9022074000002001,1,,393900000000004299,393900000000003944
9022074000002001,9022074000002001,1,,393900000000004361,393900000000003944
9022074000002001,9022074000002001,1,,393900000000004392,393900000000003944
9022074000008001,9022074000008001,1,,393900000000000014,393900000000000082
9022074000008001,9022074000008001,1,,393900000000000241,393900000000000300
9022074000008001,9022074000008001,1,,393900000000000668,393900000000000300
9022074000008001,9022074000008001,1,,393900000000001075,393900000000001392
9022074000008001,9022074000008001,1,,393900000000001075,393900000000000300
9022074000008001,9022074000008001,1,,393900000000001171,393900000000001184
9022074000008001,9022074000008001,1,,393900000000001218,393900000000000082
9022074000008001,9022074000008001,1,,393900000000001706,393900000000001392
9022074000008001,9022074000008001,1,,393900000000001806,393900000000001834
9022074000008001,9022074000008001,1,,393900000000001872,393900000000001391
9022074000008001,9022074000008001,1,,393900000000002065,393900000000001391
9022074000008001,9022074000008001,1,,393900000000002456,393900000000001391
9022074000008001,9022074000008001,1,,393900000000002564,393900000000001392
9022074000008001,9022074000008001,1,,393900000000002735,393900000000002708
9022074000008001,9022074000008001,1,,393900000000002958,393900000000001391
9022074000008001,9022074000008001,1,,393900000000003327,393900000000003557
9022074000008001,9022074000008001,1,,393900000000003327,393900000000001391
9022074000008001,9022074000008001,1,,393900000000003787,393900000000003816
9022074000008001,9022074000008001,1,,393900000000003902,393900000000001392
9022074000008001,9022074000008001,1,,393900000000003979,393900000000004042
9022074000008001,9022074000008001,1,,393900000000003979,393900000000001392
9022074000008001,9022074000008001,1,,393900000000004076,393900000000004042
9022074000008001,9022074000008001,1,,393900000000004076,393900000000001392
9022074000008001,9022074000008001,1,,393900000000004124,393900000000004042
9022074000008001,9022074000008001,1,,393900000000004145,393900000000004042
9022074000008001,9022074000008001,1,,393900000000004262,393900000000004042
9022074000008001,9022074000008001,1,,393900000000004300,393900000000001392
9022074000008001,9022074000008001,1,,393900000000004362,393900000000004042
9022074000008001,9022074000008001,1,,393900000000004393,393900000000004042
9022074000008001,9022074000008001,1,,393900000000004393,393900000000004651
9022074000008001,9022074000008001,1,,393900000000000016,393900000000000084
9022074000008001,9022074000008001,1,,393900000000000242,393900000000000084
9022074000008001,9022074000008001,1,,393900000000000378,393900000000000084
9022074000008001,9022074000008001,1,,393900000000000669,393900000000000084
9022074000008001,9022074000008001,1,,393900000000001076,393900000000000084
9022074000008001,9022074000008001,1,,393900000000001076,393900000000001395
9022074000008001,9022074000008001,1,,393900000000001172,393900000000000084
9022074000008001,9022074000008001,1,,393900000000001708,393900000000001395
9022074000008001,9022074000008001,1,,393900000000001769,393900000000001395
9022074000008001,9022074000008001,1,,393900000000001808,393900000000001395
9022074000008001,9022074000008001,1,,393900000000001992,393900000000001395
9022074000008001,9022074000008001,1,,393900000000002381,393900000000001395
9022074000008001,9022074000008001,1,,393900000000002565,393900000000001395
9022074000008001,9022074000008001,1,,393900000000002734,393900000000001395
9022074000008001,9022074000008001,1,,393900000000002858,393900000000001395
9022074000008001,9022074000008001,1,,393900000000003328,393900000000001395
9022074000008001,9022074000008001,1,,393900000000003789,393900000000003818
9022074000008001,9022074000008001,1,,393900000000003789,393900000000003870
9022074000008001,9022074000008001,1,,393900000000003904,393900000000001395
9022074000008001,9022074000008001,1,,393900000000003981,393900000000001395
9022074000008001,9022074000008001,1,,393900000000004028,393900000000001395
9022074000008001,9022074000008001,1,,393900000000004078,393900000000001395
9022074000008001,9022074000008001,1,,393900000000004188,393900000000001395
9022074000008001,9022074000008001,1,,393900000000004302,393900000000001395
9022074000008001,9022074000008001,1,,393900000000004342,393900000000001395
9022074000008001,9022074000008001,1,,393900000000004363,393900000000001395
9022074000008001,9022074000008001,1,,393900000000000018,393900000000000086
9022074000008001,9022074000008001,1,,393900000000000244,393900000000000086
9022074000008001,9022074000008001,1,,393900000000000670,393900000000000086
9022074000008001,9022074000008001,1,,393900000000001077,393900000000000086
9022074000008001,9022074000008001,1,,393900000000001220,393900000000000086
9022074000008001,9022074000008001,1,,393900000000001710,393900000000001397
9022074000008001,9022074000008001,1,,393900000000001770,393900000000001397
9022074000008001,9022074000008001,1,,393900000000001875,393900000000001397
9022074000008001,9022074000008001,1,,393900000000002067,393900000000001397
9022074000008001,9022074000008001,1,,393900000000002457,393900000000001397
9022074000008001,9022074000008001,1,,393900000000002567,393900000000001397
9022074000008001,9022074000008001,1,,393900000000002740,393900000000001397
9022074000008001,9022074000008001,1,,393900000000002859,393900000000001397
9022074000008001,9022074000008001,1,,393900000000002960,393900000000001397
9022074000008001,9022074000008001,1,,393900000000003330,393900000000001397
9022074000008001,9022074000008001,1,,393900000000003791,393900000000003872
9022074000008001,9022074000008001,1,,393900000000003791,393900000000003820
9022074000008001,9022074000008001,1,,393900000000003906,393900000000001397
9022074000008001,9022074000008001,1,,393900000000003983,393900000000001397
9022074000008001,9022074000008001,1,,393900000000004080,393900000000001397
9022074000008001,9022074000008001,1,,393900000000004126,393900000000001397
9022074000008001,9022074000008001,1,,393900000000004148,393900000000001397
9022074000008001,9022074000008001,1,,393900000000004169,393900000000001397
9022074000008001,9022074000008001,1,,393900000000004304,393900000000001397
9022074000008001,9022074000008001,1,,393900000000004343,393900000000001397
9022074000008001,9022074000008001,1,,393900000000004365,393900000000001397
9022074000008001,9022074000008001,1,,393900000000004395,393900000000001397
9022074000002001,9022074000002001,1,,393900000000000021,393900000000000075
9022074000002001,9022074000002001,1,,393900000000000245,393900000000000075
9022074000002001,9022074000002001,1,,393900000000000380,393900000000000075
9022074000002001,9022074000002001,1,,393900000000000401,393900000000000419
9022074000002001,9022074000002001,1,,393900000000001713,393900000000002797
9022074000002001,9022074000002001,1,,393900000000001713,393900000000003271
9022074000002001,9022074000002001,1,,393900000000001713,393900000000003734
9022074000002001,9022074000002001,1,,393900000000001713,393900000000001362
9022074000002001,9022074000002001,1,,393900000000001713,393900000000002205
9022074000002001,9022074000002001,1,,393900000000001772,393900000000003271
9022074000002001,9022074000002001,1,,393900000000001772,393900000000002832
9022074000002001,9022074000002001,1,,393900000000001772,393900000000003734
9022074000002001,9022074000002001,1,,393900000000001772,393900000000001362
9022074000002001,9022074000002001,1,,393900000000001772,393900000000001973
9022074000002001,9022074000002001,1,,393900000000001772,393900000000002205
9022074000002001,9022074000002001,1,,393900000000001813,393900000000001833
9022074000002001,9022074000002001,1,,393900000000001996,393900000000002017
9022074000002001,9022074000002001,1,,393900000000001996,393900000000001363
9022074000002001,9022074000002001,1,,393900000000002069,393900000000003271
9022074000002001,9022074000002001,1,,393900000000002069,393900000000002300
9022074000002001,9022074000002001,1,,393900000000002069,393900000000002767
9022074000002001,9022074000002001,1,,393900000000002069,393900000000001362
9022074000002001,9022074000002001,1,,393900000000002069,393900000000002529
9022074000002001,9022074000002001,1,,393900000000002069,393900000000001973
9022074000002001,9022074000002001,1,,393900000000002363,393900000000001363
9022074000002001,9022074000002001,1,,393900000000002444,393900000000002205
9022074000002001,9022074000002001,1,,393900000000002570,393900000000002597
9022074000002001,9022074000002001,1,,393900000000002690,393900000000002706
9022074000002001,9022074000002001,1,,393900000000002918,393900000000002876
9022074000002001,9022074000002001,1,,393900000000002962,393900000000002982
9022074000002001,9022074000002001,1,,393900000000003332,393900000000001363
9022074000002001,9022074000002001,1,,393900000000004307,393900000000003947
9022074000002001,9022074000002001,1,,393900000000004345,393900000000003947
9022074000002001,9022074000002001,1,,393900000000004367,393900000000001363
9022074000002001,9022074000002001,1,,393900000000004397,393900000000003947
9022074000002001,9022074000002001,1,,393900000000004606,393900000000001363
9022074000002001,9022074000002001,1,,393900000000004642,393900000000003947
9022074000008001,9022074000008001,1,,393900000000000025,393900000000000092
9022074000008001,9022074000008001,1,,393900000000000247,393900000000000092
9022074000008001,9022074000008001,1,,393900000000000675,393900000000000092
9022074000008001,9022074000008001,1,,393900000000001080,393900000000000092
9022074000133001,9022074000133001,1,,393900000000001080,393900000000001096
9022074000008001,9022074000008001,1,,393900000000001118,393900000000001403
9022074000008001,9022074000008001,1,,393900000000001716,393900000000001403
9022074000008001,9022074000008001,1,,393900000000001717,393900000000001403
9022074000008001,9022074000008001,1,,393900000000001880,393900000000001403
9022074000008001,9022074000008001,1,,393900000000001917,393900000000001403
9022074000008001,9022074000008001,1,,393900000000001999,393900000000001403
9022074000008001,9022074000008001,1,,393900000000002071,393900000000001403
9022074000008001,9022074000008001,1,,393900000000002385,393900000000001403
9022074000008001,9022074000008001,1,,393900000000002459,393900000000001403
9022074000008001,9022074000008001,1,,393900000000002573,393900000000001403
9022074000008001,9022074000008001,1,,393900000000002743,393900000000001403
9022074000008001,9022074000008001,1,,393900000000002862,393900000000001403
9022074000008001,9022074000008001,1,,393900000000002965,393900000000001403
9022074000008001,9022074000008001,1,,393900000000003335,393900000000001403
9022074000008001,9022074000008001,1,,393900000000003797,393900000000003875
9022074000008001,9022074000008001,1,,393900000000003797,393900000000003825
9022074000008001,9022074000008001,1,,393900000000003912,393900000000001403
9022074000008001,9022074000008001,1,,393900000000003989,393900000000001403
9022074000008001,9022074000008001,1,,393900000000004086,393900000000001403
9022074000008001,9022074000008001,1,,393900000000004130,393900000000001403
9022074000008001,9022074000008001,1,,393900000000004152,393900000000001403
9022074000008001,9022074000008001,1,,393900000000004173,393900000000001403
9022074000008001,9022074000008001,1,,393900000000004310,393900000000001403
9022074000008001,9022074000008001,1,,393900000000004369,393900000000001403
9022074000008001,9022074000008001,1,,393900000000004399,393900000000001403
9022074000008001,9022074000008001,1,,393900000000000027,393900000000000094
9022074000008001,9022074000008001,1,,393900000000000248,393900000000000094
9022074000008001,9022074000008001,1,,393900000000000405,393900000000000423
9022074000008001,9022074000008001,1,,393900000000000677,393900000000000094
9022074000008001,9022074000008001,1,,393900000000000965,393900000000000094
9022074000008001,9022074000008001,1,,393900000000001120,393900000000001405
9022074000008001,9022074000008001,1,,393900000000001179,393900000000000423
9022074000008001,9022074000008001,1,,393900000000001225,393900000000000094
9022074000008001,9022074000008001,1,,393900000000001268,393900000000001405
9022074000008001,9022074000008001,1,,393900000000001719,393900000000001405
9022074000008001,9022074000008001,1,,393900000000001818,393900000000001406
9022074000008001,9022074000008001,1,,393900000000001882,393900000000001405
9022074000008001,9022074000008001,1,,393900000000001919,393900000000001405
9022074000008001,9022074000008001,1,,393900000000002001,393900000000001406
9022074000008001,9022074000008001,1,,393900000000002072,393900000000001405
9022074000008001,9022074000008001,1,,393900000000002386,393900000000001406
9022074000008001,9022074000008001,1,,393900000000002460,393900000000001405
9022074000008001,9022074000008001,1,,393900000000002575,393900000000001405
9022074000008001,9022074000008001,1,,393900000000002744,393900000000001406
9022074000008001,9022074000008001,1,,393900000000002863,393900000000001406
9022074000008001,9022074000008001,1,,393900000000002967,393900000000001405
9022074000008001,9022074000008001,1,,393900000000003337,393900000000001406
9022074000008001,9022074000008001,1,,393900000000003861,393900000000003876
9022074000008001,9022074000008001,1,,393900000000003914,393900000000001405
9022074000008001,9022074000008001,1,,393900000000003991,393900000000001405
9022074000008001,9022074000008001,1,,393900000000004055,393900000000001405
9022074000008001,9022074000008001,1,,393900000000004088,393900000000001405
9022074000008001,9022074000008001,1,,393900000000004239,393900000000001405
9022074000008001,9022074000008001,1,,393900000000004312,393900000000001405
9022074000008001,9022074000008001,1,,393900000000004371,393900000000004614
9022074000008001,9022074000008001,1,,393900000000004400,393900000000001405
9022074000008001,9022074000008001,1,,393900000000000029,393900000000000096
9022074000008001,9022074000008001,1,,393900000000000407,393900000000000425
9022074000008001,9022074000008001,1,,393900000000000678,393900000000000096
9022074000008001,9022074000008001,1,,393900000000000967,393900000000000096
9022074000008001,9022074000008001,1,,393900000000001081,393900000000000096
9022074000008001,9022074000008001,1,,393900000000001122,393900000000001409
9022074000008001,9022074000008001,1,,393900000000001188,393900000000000425
9022074000008001,9022074000008001,1,,393900000000001721,393900000000001409
9022074000008001,9022074000008001,1,,393900000000001777,393900000000001409
9022074000008001,9022074000008001,1,,393900000000001820,393900000000001410
9022074000008001,9022074000008001,1,,393900000000001884,393900000000001409
9022074000008001,9022074000008001,1,,393900000000001921,393900000000001409
9022074000008001,9022074000008001,1,,393900000000001955,393900000000001409
9022074000008001,9022074000008001,1,,393900000000001971,393900000000001409
9022074000008001,9022074000008001,1,,393900000000002003,393900000000001410
9022074000008001,9022074000008001,1,,393900000000002322,393900000000001409
9022074000008001,9022074000008001,1,,393900000000002387,393900000000001410
9022074000008001,9022074000008001,1,,393900000000002461,393900000000001409
9022074000008001,9022074000008001,1,,393900000000002577,393900000000001409
9022074000008001,9022074000008001,1,,393900000000002745,393900000000001410
9022074000008001,9022074000008001,1,,393900000000002756,393900000000001409
9022074000008001,9022074000008001,1,,393900000000002830,393900000000001409
9022074000008001,9022074000008001,1,,393900000000002864,393900000000001410
9022074000008001,9022074000008001,1,,393900000000002969,393900000000001409
9022074000008001,9022074000008001,1,,393900000000003339,393900000000001410
9022074000008001,9022074000008001,1,,393900000000003339,393900000000003525
9022074000008001,9022074000008001,1,,393900000000003563,393900000000003525
9022074000008001,9022074000008001,1,,393900000000003801,393900000000003828
9022074000008001,9022074000008001,1,,393900000000003916,393900000000003525
9022074000008001,9022074000008001,1,,393900000000003993,393900000000003525
9022074000008001,9022074000008001,1,,393900000000004090,393900000000003525
9022074000008001,9022074000008001,1,,393900000000004131,393900000000003525
9022074000008001,9022074000008001,1,,393900000000004154,393900000000003525
9022074000008001,9022074000008001,1,,393900000000004174,393900000000003525
9022074000008001,9022074000008001,1,,393900000000004314,393900000000003525
9022074000008001,9022074000008001,1,,393900000000004373,393900000000003525
9022074000008001,9022074000008001,1,,393900000000004373,393900000000004616
9022074000008001,9022074000008001,1,,393900000000004418,393900000000004446
9022074000008001,9022074000008001,1,,393900000000004591,393900000000004446
9022074000008001,9022074000008001,1,,393900000000000031,393900000000000098
9022074000008001,9022074000008001,1,,393900000000000249,393900000000000098
9022074000008001,9022074000008001,1,,393900000000000679,393900000000000098
9022074000008001,9022074000008001,1,,393900000000000969,393900000000000098
9022074000008001,9022074000008001,1,,393900000000001779,393900000000001413
9022074000008001,9022074000008001,1,,393900000000001886,393900000000001413
9022074000008001,9022074000008001,1,,393900000000002073,393900000000001413
9022074000008001,9022074000008001,1,,393900000000002163,393900000000001413
9022074000008001,9022074000008001,1,,393900000000002264,393900000000001413
9022074000008001,9022074000008001,1,,393900000000002462,393900000000001413
9022074000008001,9022074000008001,1,,393900000000002519,393900000000001413
9022074000008001,9022074000008001,1,,393900000000002579,393900000000001413
9022074000008001,9022074000008001,1,,393900000000002757,393900000000001413
9022074000008001,9022074000008001,1,,393900000000002865,393900000000001413
9022074000008001,9022074000008001,1,,393900000000003340,393900000000001413
9022074000008001,9022074000008001,1,,393900000000003803,393900000000003830
9022074000008001,9022074000008001,1,,393900000000003918,393900000000003950
9022074000008001,9022074000008001,1,,393900000000003995,393900000000003950
9022074000008001,9022074000008001,1,,393900000000004036,393900000000003950
9022074000008001,9022074000008001,1,,393900000000004092,393900000000003950
9022074000008001,9022074000008001,1,,393900000000004194,393900000000003950
9022074000008001,9022074000008001,1,,393900000000004316,393900000000003950
9022074000008001,9022074000008001,1,,393900000000004375,393900000000003950
9022074000008001,9022074000008001,1,,393900000000004419,393900000000004448
9022074000008001,9022074000008001,1,,393900000000004643,393900000000004448
9022074000008001,9022074000008001,1,,393900000000000033,393900000000000100
9022074000008001,9022074000008001,1,,393900000000000251,393900000000000100
9022074000008001,9022074000008001,1,,393900000000000680,393900000000000100
9022074000008001,9022074000008001,1,,393900000000000976,393900000000001416
9022074000008001,9022074000008001,1,,393900000000001083,393900000000000100
9022074000133001,9022074000133001,1,,393900000000001083,393900000000001099
9022074000008001,9022074000008001,1,,393900000000001269,393900000000001416
9022074000008001,9022074000008001,1,,393900000000001725,393900000000001416
9022074000008001,9022074000008001,1,,393900000000001823,393900000000001416
9022074000008001,9022074000008001,1,,393900000000001923,393900000000001416
9022074000008001,9022074000008001,1,,393900000000002006,393900000000001416
9022074000008001,9022074000008001,1,,393900000000002074,393900000000001416
9022074000008001,9022074000008001,1,,393900000000002137,393900000000001416
9022074000008001,9022074000008001,1,,393900000000002164,393900000000001416
9022074000008001,9022074000008001,1,,393900000000002265,393900000000001416
9022074000008001,9022074000008001,1,,393900000000002389,393900000000001416
9022074000008001,9022074000008001,1,,393900000000002463,393900000000001416
9022074000008001,9022074000008001,1,,393900000000002520,393900000000001416
9022074000008001,9022074000008001,1,,393900000000002581,393900000000001416
9022074000008001,9022074000008001,1,,393900000000002747,393900000000001416
9022074000008001,9022074000008001,1,,393900000000002758,393900000000001416
9022074000008001,9022074000008001,1,,393900000000002866,393900000000001416
9022074000008001,9022074000008001,1,,393900000000002971,393900000000001416
9022074000008001,9022074000008001,1,,393900000000003341,393900000000001416
9022074000008001,9022074000008001,1,,393900000000003370,393900000000001416
9022074000008001,9022074000008001,1,,393900000000003431,393900000000001416
9022074000008001,9022074000008001,1,,393900000000003440,393900000000001416
9022074000008001,9022074000008001,1,,393900000000003451,393900000000001416
9022074000008001,9022074000008001,1,,393900000000003517,393900000000001416
9022074000008001,9022074000008001,1,,393900000000003564,393900000000001416
9022074000008001,9022074000008001,1,,393900000000003656,393900000000001416
9022074000008001,9022074000008001,1,,393900000000003672,393900000000001416
9022074000008001,9022074000008001,1,,393900000000003684,393900000000001416
9022074000008001,9022074000008001,1,,393900000000003805,393900000000003832
9022074000008001,9022074000008001,1,,393900000000003920,393900000000001416
9022074000008001,9022074000008001,1,,393900000000003996,393900000000001416
9022074000008001,9022074000008001,1,,393900000000004093,393900000000001416
9022074000008001,9022074000008001,1,,393900000000004113,393900000000001416
9022074000008001,9022074000008001,1,,393900000000004176,393900000000001416
9022074000008001,9022074000008001,1,,393900000000004318,393900000000001416
9022074000008001,9022074000008001,1,,393900000000004377,393900000000001416
9022074000008001,9022074000008001,1,,393900000000004401,393900000000001416
9022074000008001,9022074000008001,1,,393900000000000035,393900000000000102
9022074000008001,9022074000008001,1,,393900000000000253,393900000000000102
9022074000008001,9022074000008001,1,,393900000000000999,393900000000000102
9022074000008001,9022074000008001,1,,393900000000001032,393900000000000102
9022074000008001,9022074000008001,1,,393900000000001226,393900000000000102
9022074000008001,9022074000008001,1,,393900000000001233,393900000000001418
9022074000008001,9022074000008001,1,,393900000000001233,393900000000000102
9022074000008001,9022074000008001,1,,393900000000001726,393900000000001418
9022074000008001,9022074000008001,1,,393900000000001762,393900000000001418
9022074000008001,9022074000008001,1,,393900000000001890,393900000000001418
9022074000008001,9022074000008001,1,,393900000000001925,393900000000001418
9022074000008001,9022074000008001,1,,393900000000001963,393900000000001418
9022074000008001,9022074000008001,1,,393900000000002076,393900000000001418
9022074000008001,9022074000008001,1,,393900000000002464,393900000000001418
9022074000008001,9022074000008001,1,,393900000000002543,393900000000001418
9022074000008001,9022074000008001,1,,393900000000002973,393900000000001418
9022074000008001,9022074000008001,1,,393900000000004420,393900000000004449
9022074000008001,9022074000008001,1,,393900000000004644,393900000000004449
9022074000133001,9022074000133001,1,,393900000000001084,393900000000001100
9022074000191001,9022074000191001,1,,393900000000002282,393900000000002283
9022074000191001,9022074000191001,1,,393900000000002284,393900000000002285
9022074000191001,9022074000191001,1,,393900000000002289,393900000000002287
9022074000191001,9022074000191001,1,,393900000000000625,393900000000000781
9022074000008001,9022074000008001,1,,393900000000000079,393900000000000235
9022074000008001,9022074000008001,1,,393900000000000079,393900000000000637
9022074000008001,9022074000008001,1,,393900000000000420,393900000000000395
9022074000008001,9022074000008001,1,,393900000000001386,393900000000004293
9022074000008001,9022074000008001,1,,393900000000001386,393900000000003972
9022074000008001,9022074000008001,1,,393900000000001386,393900000000004068
9022074000008001,9022074000008001,1,,393900000000001386,393900000000002557
9022074000008001,9022074000008001,1,,393900000000001386,393900000000000235
9022074000008001,9022074000008001,1,,393900000000001386,393900000000003895
9022074000008001,9022074000008001,1,,393900000000001386,393900000000001699
9022074000008001,9022074000008001,1,,393900000000001387,393900000000002683
9022074000008001,9022074000008001,1,,393900000000001387,393900000000003322
9022074000008001,9022074000008001,1,,393900000000001387,393900000000004120
9022074000008001,9022074000008001,1,,393900000000001387,393900000000003972
9022074000008001,9022074000008001,1,,393900000000001387,393900000000004068
9022074000008001,9022074000008001,1,,393900000000001387,393900000000002356
9022074000008001,9022074000008001,1,,393900000000001387,393900000000001986
9022074000008001,9022074000008001,1,,393900000000001387,393900000000001800
9022074000008001,9022074000008001,1,,393900000000001387,393900000000004356
9022074000008001,9022074000008001,1,,393900000000003110,393900000000003158
9022074000008001,9022074000008001,1,,393900000000003813,393900000000003780
9022074000008001,9022074000008001,1,,393900000000000081,393900000000000237
9022074000008001,9022074000008001,1,,393900000000000081,393900000000000008
9022074000008001,9022074000008001,1,,393900000000000081,393900000000001058
9022074000008001,9022074000008001,1,,393900000000001390,393900000000002357
9022074000008001,9022074000008001,1,,393900000000001390,393900000000004070
9022074000008001,9022074000008001,1,,393900000000001390,393900000000001802
9022074000008001,9022074000008001,1,,393900000000001390,393900000000002684
9022074000008001,9022074000008001,1,,393900000000001390,393900000000004389
9022074000008001,9022074000008001,1,,393900000000001390,393900000000004186
9022074000008001,9022074000008001,1,,393900000000001390,393900000000003303
9022074000008001,9022074000008001,1,,393900000000001390,393900000000003974
9022074000008001,9022074000008001,1,,393900000000001390,393900000000004295
9022074000008001,9022074000008001,1,,393900000000001390,393900000000002438
9022074000008001,9022074000008001,1,,393900000000001390,393900000000004641
9022074000008001,9022074000008001,1,,393900000000001390,393900000000001912
9022074000008001,9022074000008001,1,,393900000000001390,393900000000001701
9022074000008001,9022074000008001,1,,393900000000001390,393900000000003253
9022074000008001,9022074000008001,1,,393900000000001390,393900000000003013
9022074000008001,9022074000008001,1,,393900000000001390,393900000000002062
9022074000008001,9022074000008001,1,,393900000000001390,393900000000003897
9022074000008001,9022074000008001,1,,393900000000001390,393900000000002912
9022074000008001,9022074000008001,1,,393900000000001390,393900000000004026
9022074000008001,9022074000008001,1,,393900000000001390,393900000000002187
9022074000008001,9022074000008001,1,,393900000000001390,393900000000002559
9022074000008001,9022074000008001,1,,393900000000001390,393900000000004358
9022074000008001,9022074000008001,1,,393900000000001390,393900000000001058
9022074000008001,9022074000008001,1,,393900000000003199,393900000000003230
9022074000008001,9022074000008001,1,,393900000000003815,393900000000003782
9022074000008001,9022074000008001,1,,393900000000003869,393900000000003782
9022074000008001,9022074000008001,1,,393900000000000085,393900000000001060
9022074000008001,9022074000008001,1,,393900000000000085,393900000000000240
9022074000008001,9022074000008001,1,,393900000000000085,393900000000000399
9022074000008001,9022074000008001,1,,393900000000000085,393900000000000642
9022074000008001,9022074000008001,1,,393900000000000085,393900000000000012
9022074000008001,9022074000008001,1,,393900000000001396,393900000000001060
9022074000008001,9022074000008001,1,,393900000000001396,393900000000002914
9022074000008001,9022074000008001,1,,393900000000001396,393900000000004143
9022074000008001,9022074000008001,1,,393900000000001396,393900000000002359
9022074000008001,9022074000008001,1,,393900000000001396,393900000000001901
9022074000008001,9022074000008001,1,,393900000000001396,393900000000001805
9022074000008001,9022074000008001,1,,393900000000001396,393900000000002686
9022074000008001,9022074000008001,1,,393900000000001396,393900000000004074
9022074000008001,9022074000008001,1,,393900000000001396,393900000000001990
9022074000008001,9022074000008001,1,,393900000000001396,393900000000004392
9022074000008001,9022074000008001,1,,393900000000001396,393900000000003326
9022074000008001,9022074000008001,1,,393900000000001396,393900000000004123
9022074000008001,9022074000008001,1,,393900000000001396,393900000000003978
9022074000008001,9022074000008001,1,,393900000000001396,393900000000002440
9022074000008001,9022074000008001,1,,393900000000001396,393900000000001705
9022074000008001,9022074000008001,1,,393900000000001396,393900000000002563
9022074000008001,9022074000008001,1,,393900000000001396,393900000000004299
9022074000008001,9022074000008001,1,,393900000000001396,393900000000002064
9022074000008001,9022074000008001,1,,393900000000001396,393900000000004361
9022074000008001,9022074000008001,1,,393900000000001396,393900000000004166
9022074000008001,9022074000008001,1,,393900000000001396,393900000000002957
9022074000008001,9022074000008001,1,,393900000000001396,393900000000003901
9022074000008001,9022074000008001,1,,393900000000003819,393900000000003786
9022074000008001,9022074000008001,1,,393900000000003871,393900000000003786
9022074000008001,9022074000008001,1,,393900000000000087,393900000000000643
9022074000008001,9022074000008001,1,,393900000000000087,393900000000001061
9022074000008001,9022074000008001,1,,393900000000000087,393900000000000015
9022074000008001,9022074000008001,1,,393900000000001398,393900000000002066
9022074000008001,9022074000008001,1,,393900000000001398,393900000000003980
9022074000008001,9022074000008001,1,,393900000000001398,393900000000002441
9022074000008001,9022074000008001,1,,393900000000001398,393900000000003255
9022074000008001,9022074000008001,1,,393900000000001398,393900000000001914
9022074000008001,9022074000008001,1,,393900000000001398,393900000000004167
9022074000008001,9022074000008001,1,,393900000000001398,393900000000004146
9022074000008001,9022074000008001,1,,393900000000001398,393900000000003903
9022074000008001,9022074000008001,1,,393900000000001398,393900000000002915
9022074000008001,9022074000008001,1,,393900000000001398,393900000000001061
9022074000008001,9022074000008001,1,,393900000000001398,393900000000004077
9022074000008001,9022074000008001,1,,393900000000001398,393900000000002687
9022074000008001,9022074000008001,1,,393900000000001398,393900000000001707
9022074000008001,9022074000008001,1,,393900000000001398,393900000000002189
9022074000008001,9022074000008001,1,,393900000000001398,393900000000001873
9022074000008001,9022074000008001,1,,393900000000001398,393900000000004394
9022074000008001,9022074000008001,1,,393900000000001398,393900000000002360
9022074000008001,9022074000008001,1,,393900000000001398,393900000000004125
9022074000008001,9022074000008001,1,,393900000000001398,393900000000004301
9022074000008001,9022074000008001,1,,393900000000001398,393900000000001807
9022074000008001,9022074000008001,1,,393900000000001398,393900000000002627
9022074000008001,9022074000008001,1,,393900000000001398,393900000000002959
9022074000008001,9022074000008001,1,,393900000000003116,393900000000003232
9022074000008001,9022074000008001,1,,393900000000003116,393900000000003162
9022074000008001,9022074000008001,1,,393900000000003821,393900000000003788
9022074000008001,9022074000008001,1,,393900000000003873,393900000000003788
9022074000008001,9022074000008001,1,,393900000000000091,393900000000000379
9022074000008001,9022074000008001,1,,393900000000000091,393900000000001063
9022074000008001,9022074000008001,1,,393900000000000091,393900000000000963
9022074000008001,9022074000008001,1,,393900000000000091,393900000000000645
9022074000008001,9022074000008001,1,,393900000000000091,393900000000000019
9022074000008001,9022074000008001,1,,393900000000001402,393900000000002961
9022074000008001,9022074000008001,1,,393900000000001402,393900000000004149
9022074000008001,9022074000008001,1,,393900000000001402,393900000000003256
9022074000008001,9022074000008001,1,,393900000000001402,393900000000002362
9022074000008001,9022074000008001,1,,393900000000001402,393900000000002917
9022074000008001,9022074000008001,1,,393900000000001402,393900000000004396
9022074000008001,9022074000008001,1,,393900000000001402,393900000000004305
9022074000008001,9022074000008001,1,,393900000000001402,393900000000002568
9022074000008001,9022074000008001,1,,393900000000001402,393900000000004081
9022074000008001,9022074000008001,1,,393900000000001402,393900000000004344
9022074000008001,9022074000008001,1,,393900000000001402,393900000000002443
9022074000008001,9022074000008001,1,,393900000000001402,393900000000001063
9022074000008001,9022074000008001,1,,393900000000001402,393900000000003984
9022074000008001,9022074000008001,1,,393900000000001402,393900000000001266
9022074000008001,9022074000008001,1,,393900000000001402,393900000000001811
9022074000008001,9022074000008001,1,,393900000000001402,393900000000002190
9022074000008001,9022074000008001,1,,393900000000001402,393900000000001711
9022074000008001,9022074000008001,1,,393900000000001402,393900000000004127
9022074000008001,9022074000008001,1,,393900000000001402,393900000000002068
9022074000008001,9022074000008001,1,,393900000000001402,393900000000004170
9022074000008001,9022074000008001,1,,393900000000001402,393900000000001915
9022074000008001,9022074000008001,1,,393900000000001402,393900000000003907
9022074000008001,9022074000008001,1,,393900000000001402,393900000000002689
9022074000008001,9022074000008001,1,,393900000000001402,393900000000001756
9022074000008001,9022074000008001,1,,393900000000003118,393900000000003164
9022074000008001,9022074000008001,1,,393900000000003118,393900000000003234
9022074000008001,9022074000008001,1,,393900000000003824,393900000000003792
9022074000008001,9022074000008001,1,,393900000000000097,393900000000000404
9022074000008001,9022074000008001,1,,393900000000000097,393900000000000478
9022074000008001,9022074000008001,1,,393900000000000097,393900000000000026
9022074000008001,9022074000008001,1,,393900000000000222,393900000000000478
9022074000008001,9022074000008001,1,,393900000000000222,393900000000000026
9022074000008001,9022074000008001,1,,393900000000001411,393900000000001918
9022074000008001,9022074000008001,1,,393900000000001411,393900000000002446
9022074000008001,9022074000008001,1,,393900000000001411,393900000000001817
9022074000008001,9022074000008001,1,,393900000000001411,393900000000001881
9022074000008001,9022074000008001,1,,393900000000001411,393900000000001775
9022074000008001,9022074000008001,1,,393900000000001411,393900000000002920
9022074000008001,9022074000008001,1,,393900000000001411,393900000000002000
9022074000008001,9022074000008001,1,,393900000000001411,393900000000002692
9022074000008001,9022074000008001,1,,393900000000001411,393900000000002365
9022074000008001,9022074000008001,1,,393900000000001411,393900000000002966
9022074000008001,9022074000008001,1,,393900000000001411,393900000000003336
9022074000008001,9022074000008001,1,,393900000000001411,393900000000001954
9022074000008001,9022074000008001,1,,393900000000001412,393900000000001941
9022074000008001,9022074000008001,1,,393900000000001412,393900000000001794
9022074000008001,9022074000008001,1,,393900000000002111,393900000000001941
9022074000008001,9022074000008001,1,,393900000000002132,393900000000001775
9022074000008001,9022074000008001,1,,393900000000002132,393900000000001954
9022074000008001,9022074000008001,1,,393900000000002132,393900000000001794
9022074000008001,9022074000008001,1,,393900000000002317,393900000000001775
9022074000008001,9022074000008001,1,,393900000000002317,393900000000001954
9022074000008001,9022074000008001,1,,393900000000002481,393900000000001775
9022074000008001,9022074000008001,1,,393900000000002481,393900000000001954
9022074000008001,9022074000008001,1,,393900000000002800,393900000000001954
9022074000008001,9022074000008001,1,,393900000000003039,393900000000001775
9022074000008001,9022074000008001,1,,393900000000003039,393900000000003064
9022074000008001,9022074000008001,1,,393900000000003039,393900000000003492
9022074000008001,9022074000008001,1,,393900000000003039,393900000000001954
9022074000008001,9022074000008001,1,,393900000000003069,393900000000003064
9022074000008001,9022074000008001,1,,393900000000003251,393900000000003237
9022074000008001,9022074000008001,1,,393900000000003609,393900000000001918
9022074000008001,9022074000008001,1,,393900000000003609,393900000000004087
9022074000008001,9022074000008001,1,,393900000000003609,393900000000004032
9022074000008001,9022074000008001,1,,393900000000003609,393900000000004311
9022074000008001,9022074000008001,1,,393900000000003609,393900000000004190
9022074000008001,9022074000008001,1,,393900000000003609,393900000000001775
9022074000008001,9022074000008001,1,,393900000000003609,393900000000004370
9022074000008001,9022074000008001,1,,393900000000003609,393900000000003990
9022074000008001,9022074000008001,1,,393900000000003609,393900000000004258
9022074000008001,9022074000008001,1,,393900000000003609,393900000000003913
9022074000008001,9022074000008001,1,,393900000000003609,393900000000004251
9022074000008001,9022074000008001,1,,393900000000003609,393900000000003336
9022074000008001,9022074000008001,1,,393900000000003609,393900000000004153
9022074000008001,9022074000008001,1,,393900000000003609,393900000000001954
9022074000008001,9022074000008001,1,,393900000000003609,393900000000004347
9022074000008001,9022074000008001,1,,393900000000003829,393900000000003798
9022074000008001,9022074000008001,1,,393900000000003877,393900000000003860
9022074000008001,9022074000008001,1,,393900000000004447,393900000000004311
9022074000008001,9022074000008001,1,,393900000000004447,393900000000004347
9022074000008001,9022074000008001,1,,393900000000004617,393900000000004311
9022074000008001,9022074000008001,1,,393900000000004617,393900000000004370
9022074000045001,9022074000045001,1,,393900000000000510,393900000000000520
9022074000045001,9022074000045001,1,,393900000000000512,393900000000000522
9022074000105001,9022074000105001,1,,393900000000002351,393900000000002352
9022074000222001,9022074000222001,1,,393900000000000808,393900000000000809
9022074000222001,9022074000222001,1,,393900000000000799,393900000000000800
9022074000222001,9022074000222001,1,,393900000000000801,393900000000000802
9022074000222001,9022074000222001,1,,393900000000000803,393900000000000804
9022074000222001,9022074000222001,1,,393900000000000938,393900000000000939
9022074000123001,9022074000123001,1,,393900000000002434,393900000000002435
9022074000045001,9022074000045001,1,,393900000000000513,393900000000000523
9022074000045001,9022074000045001,1,,393900000000000514,393900000000000524
9022074000002001,9022074000002001,1,,393900000000000230,393900000000000544
9022074000002001,9022074000002001,1,,393900000000000552,393900000000000544
9022074000002001,9022074000002001,1,,393900000000001029,393900000000000283
9022074000002001,9022074000002001,1,,393900000000001235,393900000000000283
9022074000002001,9022074000002001,1,,393900000000001694,393900000000001335
9022074000002001,9022074000002001,1,,393900000000001910,393900000000002318
9022074000002001,9022074000002001,1,,393900000000001910,393900000000002497
9022074000002001,9022074000002001,1,,393900000000002492,393900000000002497
9022074000002001,9022074000002001,1,,393900000000000234,393900000000000289
9022074000002001,9022074000002001,1,,393900000000000393,393900000000000289
9022074000002001,9022074000002001,1,,393900000000001047,393900000000003703
9022074000002001,9022074000002001,1,,393900000000001047,393900000000003751
9022074000002001,9022074000002001,1,,393900000000001047,393900000000001352
9022074000002001,9022074000002001,1,,393900000000001047,393900000000002200
9022074000002001,9022074000002001,1,,393900000000001047,393900000000003730
9022074000002001,9022074000002001,1,,393900000000001047,393900000000002140
9022074000002001,9022074000002001,1,,393900000000001047,393900000000002793
9022074000002001,9022074000002001,1,,393900000000001047,393900000000003035
9022074000002001,9022074000002001,1,,393900000000001047,393900000000003264
9022074000002001,9022074000002001,1,,393900000000001047,393900000000003469
9022074000002001,9022074000002001,1,,393900000000001047,393900000000002310
9022074000002001,9022074000002001,1,,393900000000001047,393900000000000289
9022074000002001,9022074000002001,1,,393900000000001798,393900000000001352
9022074000002001,9022074000002001,1,,393900000000001984,393900000000002011
9022074000002001,9022074000002001,1,,393900000000001984,393900000000002140
9022074000002001,9022074000002001,1,,393900000000002355,393900000000002140
9022074000002001,9022074000002001,1,,393900000000002555,393900000000002589
9022074000002001,9022074000002001,1,,393900000000003321,393900000000002140
9022074000002001,9022074000002001,1,,393900000000003439,393900000000002140
9022074000002001,9022074000002001,1,,393900000000004291,393900000000004101
9022074000002001,9022074000002001,1,,393900000000004354,393900000000004101
9022074000008001,9022074000008001,1,,393900000000000298,393900000000000635
9022074000008001,9022074000008001,1,,393900000000000298,393900000000000234
9022074000008001,9022074000008001,1,,393900000000000298,393900000000001047
9022074000008001,9022074000008001,1,,393900000000001384,393900000000004291
9022074000008001,9022074000008001,1,,393900000000001384,393900000000002555
9022074000008001,9022074000008001,1,,393900000000001384,393900000000001047
9022074000008001,9022074000008001,1,,393900000000001384,393900000000004066
9022074000008001,9022074000008001,1,,393900000000001384,393900000000003893
9022074000008001,9022074000008001,1,,393900000000001384,393900000000003970
9022074000222001,9022074000222001,1,,393900000000002116,393900000000002117
9022074000001001,9022074000001001,1,,393900000000000326,393900000000000296
9022074000001001,9022074000001001,1,,393900000000001563,393900000000001382
9022074000001001,9022074000001001,1,,393900000000002493,393900000000001382
9022074000001001,9022074000001001,1,,393900000000002632,393900000000001382
9022074000001001,9022074000001001,1,,393900000000003055,393900000000001382
9022074000001001,9022074000001001,1,,393900000000004518,393900000000001382
9022074000001001,9022074000001001,1,,393900000000000340,393900000000000276
9022074000001001,9022074000001001,1,,393900000000001736,393900000000001321
9022074000001001,9022074000001001,1,,393900000000001940,393900000000001321
9022074000001001,9022074000001001,1,,393900000000002219,393900000000001321
9022074000001001,9022074000001001,1,,393900000000004532,393900000000001321
9022074000045001,9022074000045001,1,,393900000000000511,393900000000000521
9022074000045001,9022074000045001,1,,393900000000000515,393900000000000525
9022074000222001,9022074000222001,1,,393900000000000806,393900000000000807
9022074000222001,9022074000222001,1,,393900000000000629,393900000000000630
9022074000001001,9022074000001001,1,,393900000000000479,393900000000000095
9022074000001001,9022074000001001,1,,393900000000000501,393900000000000095
9022074000001001,9022074000001001,1,,393900000000001125,393900000000001407
9022074000001001,9022074000001001,1,,393900000000001146,393900000000000095
9022074000001001,9022074000001001,1,,393900000000001656,393900000000001407
9022074000001001,9022074000001001,1,,393900000000001735,393900000000001407
9022074000001001,9022074000001001,1,,393900000000001737,393900000000001407
9022074000001001,9022074000001001,1,,393900000000002638,393900000000001407
9022074000001001,9022074000001001,1,,393900000000004527,393900000000004445
9022074000001001,9022074000001001,1,,393900000000004599,393900000000004445
9022074000222001,9022074000222001,1,,393900000000000936,393900000000000937
9022074000120001,9022074000120001,1,,393900000000000611,393900000000000612
9022074000018001,9022074000018001,1,,393900000000003176,393900000000003169
9022074000222001,9022074000222001,1,,393900000000000817,393900000000000818
9022074000222001,9022074000222001,1,,393900000000000817,393900000000000943
9022074000222001,9022074000222001,1,,393900000000000819,393900000000000811
9022074000222001,9022074000222001,1,,393900000000001978,393900000000001979
9022074000217001,9022074000217001,1,,393900000000002052,393900000000002008
9022074000217001,9022074000217001,1,,393900000000002053,393900000000002010
9022074000222001,9022074000222001,1,,393900000000000944,393900000000000942
9022074000217001,9022074000217001,1,,393900000000002058,393900000000002082
9022074000191001,9022074000191001,1,,393900000000002342,393900000000002324
9022074000115001,9022074000115001,1,,393900000000002347,393900000000002348
9022074000222001,9022074000222001,1,,393900000000005424,393900000000005425
9022074000222001,9022074000222001,1,,393900000000005446,393900000000005447
9022074000222001,9022074000222001,1,,393900000000005479,393900000000005480
9022074000222001,9022074000222001,1,,393900000000005422,393900000000005423
9022074000222001,9022074000222001,1,,393900000000005451,393900000000005452
9022074000222001,9022074000222001,1,,393900000000005483,393900000000005482
9022074000222001,9022074000222001,1,,393900000000005439,393900000000005440
9022074000222001,9022074000222001,1,,393900000000005474,393900000000005473
9022074000222001,9022074000222001,1,,393900000000005437,393900000000005438
9022074000222001,9022074000222001,1,,393900000000005471,393900000000005472
9022074000222001,9022074000222001,1,,393900000000005477,393900000000005392
9022074000222001,9022074000222001,1,,393900000000005420,393900000000005421
9022074000222001,9022074000222001,1,,393900000000005449,393900000000005450
9022074000222001,9022074000222001,1,,393900000000005435,393900000000005436
9022074000222001,9022074000222001,1,,393900000000005468,393900000000005469
9022074000222001,9022074000222001,1,,393900000000005456,393900000000005457
9022074000222001,9022074000222001,1,,393900000000005497,393900000000005498
9022074000222001,9022074000222001,1,,393900000000005495,393900000000005496
9022074069350001,9022074004383001,2,600,,
9022074000773001,9022074064286001,2,600,,
9022074000080001,9022074043449001,2,660,,
9022074020510001,9022074020700001,2,1200,,
9022081000509001,9022081082201001,2,300,,
9022074000283001,9022074012010001,2,900,,
9022074000221001,9022074010040001,2,1200,,
9022074001617001,9022074000622001,2,1800,,
9022074027905001,9022074000133001,2,1200,,
9022074030117001,9022074015585001,2,900,,
9022074000172001,9022074011078001,2,1500,,
9022076002348001,9022076000100001,2,3000,,
9022074000773001,9022074021672001,2,600,,
9022074015585001,9022074059478001,2,900,,
9022074020133001,9022074000556001,2,2700,,
9022074000069001,9022074073781001,2,240,,
9022074000001001,9022074020749001,2,1200,,
9022074000001001,9022074004383001,2,1200,,
9022074064286001,9022074045571001,2,300,,
9022074027905001,9022074023147001,2,1500,,
9022074075147001,9022074000007001,2,1200,,
9022074000070001,9022074010760001,2,1200,,
9022086024917001,9022086000626001,2,1200,,
9022074018443001,9022074000228001,2,240,,
9022074000300001,9022074071974001,2,900,,
9022074020133001,9022074020131001,2,3600,,
9022074020133001,9022074020132001,2,3000,,
9022074001617001,9022074035997001,2,600,,
9022074001581001,9022074023840001,2,900,,
9022086099656001,9022086000858001,2,2400,,
9022074000170001,9022074020297001,2,1200,,
9022074020133001,9022074020134001,2,3000,,
9022074059478001,9022074030117001,2,600,,
9022074020749001,9022074004383001,2,600,,
9022074000308001,9022074018474001,2,660,,
9022074000210001,9022074021809001,2,1200,,
9022074000765001,9022074045463001,2,900,,
9022074000765001,9022074045462001,2,900,,
9022074021809001,9022074019659001,2,1800,,
9022074045571001,9022074021672001,2,480,,
9022074024382001,9022074035997001,2,600,,
9022074000133001,9022074027905001,2,1200,,
9022074000622001,9022074001541001,2,1200,,
9022074000622001,9022074035997001,2,1500,,
9022074064286001,9022074000773001,2,600,,
9022074000924001,9022074011490001,2,600,,
9022074023844001,9022074069350001,2,600,,
9022074020260001,9022074000090001,2,600,,
9022074000230001,9022074020700001,2,1200,,
9022074010113001,9022074000303001,2,1200,,
9022074000070001,9022074057604001,2,1200,,
9022076090001001,9022076000100001,2,1800,,
9022074000042001,9022074020299001,2,1200,,
9022074000005001,9022074007178001,2,600,,
9022074020116001,9022074020461001,2,1500,,
9022074000072001,9022074012655001,2,1800,,
9022074004383001,9022074020749001,2,600,,
9022074069350001,9022074020749001,2,600,,
9022074012144001,9022074000001001,2,1800,,
9022074025509001,9022074000620001,2,1200,,
9022074012655001,9022074000072001,2,1800,,
9022074018254001,9022074000019001,2,900,,
9022074001622001,9022074076297001,2,300,,
9022074035997001,9022074023844001,2,900,,
9022074044669001,9022074000180001,2,900,,
9022074024382001,9022074000622001,2,1500,,
9022074000002001,9022074059478001,2,900,,
9022074000032001,9022074017706001,2,900,,
9022074032125001,9022074020510001,2,1200,,
9022076090001001,9022076002348001,2,3600,,
9022074004383001,9022074023844001,2,600,,
9022074023844001,9022074035997001,2,900,,
9022074010441001,9022074000602001,2,900,,
9022086099659001,9022086000858001,2,2400,,
9022074020131001,9022074020133001,2,3600,,
9022074020131001,9022074020134001,2,3000,,
9022074020131001,9022074020132001,2,3000,,
9022074000602001,9022074010441001,2,900,,
9022074000031001,9022074069192001,2,720,,
9022074011490001,9022074000924001,2,600,,
9022074015585001,9022074000002001,2,900,,
9022074000244001,9022074020163001,2,900,,
9022074000556001,9022074020131001,2,4500,,
9022074000556001,9022074020132001,2,3000,,
9022074000556001,9022074020133001,2,5100,,
9022074000556001,9022074020134001,2,3000,,
9022074045462001,9022074000765001,2,900,,
9022074024382001,9022074069350001,2,600,,
9022074015017001,9022074000130001,2,900,,
9022076002348001,9022076090001001,2,3000,,
9022074024382001,9022074001617001,2,600,,
9022074050778001,9022074000419001,2,1200,,
9022074020490001,9022074020483001,2,1020,,
9022074035997001,9022074000622001,2,1500,,
9022074024382001,9022074023844001,2,600,,
9022074010444001,9022074000063001,2,900,,
9022074000120001,9022074073664001,2,1800,,
9022074023844001,9022074001617001,2,600,,
9022074000009001,9022074010955001,2,900,,
9022074000090001,9022074020260001,2,600,,
9022074000140001,9022074024352001,2,1200,,
9022074017706001,9022074000032001,2,900,,
9022074023138001,9022074000005001,2,1500,,
9022080080603001,9022080080600001,2,2700,,
9022074069192001,9022074000031001,2,720,,
9022074000020001,9022074056794001,2,1200,,
9022074020700001,9022074000230001,2,1200,,
9022074020483001,9022074030117001,2,900,,
9022074000622001,9022074000001001,2,1200,,
9022074074615001,9022074043449001,2,420,,
9022074014841001,9022074000156001,2,2400,,
9022074076077001,9022074000072001,2,600,,
9022081082201001,9022081000509001,2,300,,
9022074000230001,9022074020510001,2,480,,
9022074016547001,9022074000120001,2,900,,
9022074020749001,9022074012144001,2,1800,,
9022074000111001,9022074074133001,2,600,,
9022074033000001,9022074000096001,2,1200,,
9022074000002001,9022074015585001,2,900,,
9022074023844001,9022074000622001,2,1200,,
9022074045463001,9022074000765001,2,900,,
9022074000003001,9022074072050001,2,1200,,
9022074020461001,9022074000190001,2,900,,
9022074062751001,9022074029154001,2,1800,,
9022074024254001,9022074000250001,2,1020,,
9022074000190001,9022074020461001,2,900,,
9022074021096001,9022074000077001,2,300,,
9022074023147001,9022074027905001,2,1500,,
9022074000620001,9022074025509001,2,1200,,
9022074024006001,9022074000090001,2,900,,
9022074032195001,9022074000069001,2,900,,
9022074000063001,9022074010444001,2,900,,
9022074023138001,9022074007415001,2,1200,,
9022074020490001,9022074030117001,2,600,,
9022074069350001,9022074000622001,2,1200,,
9022074000622001,9022074023844001,2,1200,,
9022074012144001,9022074000622001,2,1800,,
9022074000228001,9022074018443001,2,240,,
9022074001602001,9022074014990001,2,3600,,
9022074000482001,9022074010464001,2,1200,,
9022074000005001,9022074007354001,2,720,,
9022074010040001,9022074000221001,2,1200,,
9022074029154001,9022074062751001,2,1800,,
9022074020749001,9022074024382001,2,600,,
9022074057604001,9022074000070001,2,1200,,
9022074000001001,9022074024382001,2,1500,,
9022074001617001,9022074001541001,2,900,,
9022074020469001,9022074000044001,2,1800,,
9022074020707001,9022074000110001,2,2700,,
9022074000765001,9022074021654001,2,1800,,
9022074000765001,9022074021656001,2,1800,,
9022074074532001,9022074001370001,2,300,,
9022074007178001,9022074007415001,2,1500,,
9022086099659001,9022086099658001,2,2700,,
9022086099659001,9022086099656001,2,2700,,
9022074018474001,9022074000308001,2,660,,
9022074000556001,9022074033206001,2,14640,,
9022074020510001,9022074000230001,2,480,,
9022074000282001,9022074013726001,2,1800,,
9022074007415001,9022074007178001,2,1500,,
9022074004383001,9022074024382001,2,600,,
9022074045571001,9022074000773001,2,600,,
9022074019659001,9022074021809001,2,1800,,
9022074069350001,9022074001617001,2,600,,
9022074000242001,9022074025851001,2,900,,
9022074024254001,9022074034378001,2,840,,
9022074036326001,9022074022983001,2,900,,
9022074069350001,9022074023844001,2,600,,
9022074012144001,9022074001617001,2,1800,,
9022074012993001,9022074000160001,2,1320,,
9022074016757001,9022074000120001,2,1800,,
9022074030117001,9022074000002001,2,900,,
9022074000160001,9022074025264001,2,840,,
9022074024577001,9022074000301001,2,180,,
9022074000110001,9022074020707001,2,2700,,
9022074020698001,9022074040991001,2,300,,
9022074000242001,9022074018094001,2,900,,
9022074000156001,9022074014841001,2,2400,,
9022074040991001,9022074020698001,2,300,,
9022086099656001,9022086099658001,2,2700,,
9022086099656001,9022086099659001,2,2700,,
9022074000190001,9022074020116001,2,1500,,
9022074023167001,9022074000190001,2,1200,,
9022080020400001,9022080020382001,2,3600,,
9022074014856001,9022074000144001,2,1020,,
9022074020483001,9022074015585001,2,540,,
9022074071752001,9022074000020001,2,900,,
9022074024382001,9022074004383001,2,600,,
9022074072220001,9022074000030001,2,660,,
9022074073781001,9022074000069001,2,240,,
9022074012938001,9022074000026001,2,1200,,
9022074000250001,9022074034903001,2,900,,
9022074045571001,9022074064286001,2,300,,
9022074035997001,9022074020749001,2,600,,
9022074000130001,9022074018261001,2,1800,,
9022074000020001,9022074071752001,2,900,,
9022074001541001,9022074001617001,2,900,,
9022074020361001,9022074000004001,2,900,,
9022074000077001,9022074021096001,2,600,,
9022074018094001,9022074000242001,2,900,,
9022074035997001,9022074004383001,2,900,,
9022074000030001,9022074025475001,2,1800,,
9022074045549001,9022074000031001,2,720,,
9022074020132001,9022074020131001,2,2700,,
9022074024352001,9022074000140001,2,1200,,
9022074020132001,9022074020133001,2,2700,,
9022074020132001,9022074020134001,2,1500,,
9022074034378001,9022074000250001,2,900,,
9022074021035001,9022074010464001,2,900,,
9022074001617001,9022074023844001,2,600,,
9022074000005001,9022074007415001,2,1200,,
9022074000622001,9022074001617001,2,1800,,
9022074023147001,9022074000133001,2,1200,,
9022074000170001,9022074076705001,2,1200,,
9022074000001001,9022074012144001,2,1800,,
9022074024382001,9022074020749001,2,600,,
9022074000044001,9022074020469001,2,1800,,
9022074020132001,9022074000556001,2,2100,,
9022074000005001,9022074007414001,2,720,,
9022074000001001,9022074069350001,2,1200,,
9022074059478001,9022074015585001,2,900,,
9022074012144001,9022074035997001,2,2400,,
9022074069192001,9022074045549001,2,300,,
9022074013013001,9022074000030001,2,1800,,
9022074020699001,9022074020510001,2,1200,,
9022074001541001,9022074000622001,2,1200,,
9022074020132001,9022074033206001,2,1800,,
9022080020400001,9022080090400001,2,1800,,
9022074021654001,9022074000765001,2,1800,,
9022074018253001,9022074000019001,2,900,,
9022074000480001,9022074000119001,2,1200,,
9022074017298001,9022074000120001,2,960,,
9022074000007001,9022074075147001,2,1200,,
9022074020700001,9022074020510001,2,1200,,
9022080090400001,9022080020400001,2,1800,,
9022074023844001,9022074020749001,2,600,,
9022074035997001,9022074000001001,2,1500,,
9022074021035001,9022074000482001,2,1500,,
9022086000626001,9022086024917001,2,1200,,
9022074020116001,9022074000190001,2,1500,,
9022080020403001,9022080020400001,2,3600,,
9022074007415001,9022074000005001,2,1200,,
9022074000004001,9022074020361001,2,1200,,
9022074000004001,9022074020362001,2,1200,,
9022074015574001,9022074000003001,2,1200,,
9022074004383001,9022074069350001,2,600,,
9022074035997001,9022074069350001,2,900,,
9022074020510001,9022074032125001,2,1200,,
9022074000090001,9022074024006001,2,900,,
9022086000858001,9022086099659001,2,4200,,
9022086000858001,9022086099658001,2,4200,,
9022074000080001,9022074074615001,2,780,,
9022086000858001,9022086099656001,2,4200,,
9022074023147001,9022074021190001,2,1500,,
9022074007354001,9022074000005001,2,720,,
9022074007415001,9022074023138001,2,1200,,
9022074000030001,9022074013013001,2,1800,,
9022074015585001,9022074030117001,2,900,,
9022074034903001,9022074000250001,2,900,,
9022074030117001,9022074020483001,2,900,,
9022074020361001,9022074020362001,2,600,,
9022074043449001,9022074000080001,2,660,,
9022074000045001,9022074074413001,2,1200,,
9022074000230001,9022074032125001,2,1200,,
9022074012144001,9022074020749001,2,1800,,
9022074000002001,9022074030117001,2,900,,
9022074000099001,9022074011860001,2,1800,,
9022074020749001,9022074035997001,2,600,,
9022074069350001,9022074000001001,2,1200,,
9022074000030001,9022074072220001,2,1800,,
9022074021190001,9022074023147001,2,1500,,
9022074030117001,9022074020490001,2,600,,
9022074024542001,9022074000005001,2,900,,
9022074010955001,9022074000009001,2,900,,
9022074011251001,9022074000069001,2,720,,
9022074004383001,9022074000001001,2,1200,,
9022074020134001,9022074000556001,2,2100,,
9022074000096001,9022074033000001,2,1200,,
9022074032125001,9022074000230001,2,1200,,
9022074023844001,9022074004383001,2,600,,
9022074000194001,9022074021101001,2,1800,,
9022074020483001,9022074059478001,2,1020,,
9022074020749001,9022074069350001,2,600,,
9022074020299001,9022074000042001,2,1200,,
9022074025851001,9022074000242001,2,900,,
9022074000080001,9022074073734001,2,900,,
9022074059478001,9022074000002001,2,900,,
9022074056927001,9022074000007001,2,600,,
9022074076705001,9022074000170001,2,1200,,
9022074043449001,9022074074615001,2,420,,
9022074076705001,9022074020297001,2,900,,
9022074020749001,9022074000001001,2,1200,,
9022074035997001,9022074012144001,2,2100,,
9022074000001001,9022074035997001,2,1500,,
9022074035141001,9022074000250001,2,900,,
9022074074413001,9022074000045001,2,1200,,
9022074035997001,9022074024382001,2,600,,
9022074000242001,9022074015325001,2,780,,
9022074001541001,9022074000001001,2,1500,,
9022074015325001,9022074000242001,2,780,,
9022074020510001,9022074020699001,2,1200,,
9022074000622001,9022074004383001,2,1200,,
9022074025264001,9022074000160001,2,840,,
9022074034378001,9022074024254001,2,840,,
9022074020134001,9022074020131001,2,2700,,
9022074020134001,9022074020132001,2,1500,,
9022074045549001,9022074069192001,2,300,,
9022074000126001,9022074017678001,2,1200,,
9022074020134001,9022074020133001,2,2700,,
9022074025475001,9022074000030001,2,1800,,
9022074010760001,9022074000070001,2,1200,,
9022080010100001,9022080010102001,2,3600,,
9022080020400001,9022080020403001,2,3600,,
9022074071974001,9022074000300001,2,900,,
9022074000221001,9022074011754001,2,1200,,
9022074001617001,9022074000001001,2,1800,,
9022074020490001,9022074059478001,2,600,,
9022074000622001,9022074020749001,2,1200,,
9022074010464001,9022074000482001,2,1200,,
9022074056794001,9022074000020001,2,1200,,
9022074023840001,9022074001581001,2,1200,,
9022074000144001,9022074014856001,2,1200,,
9022074020461001,9022074023167001,2,600,,
9022074020490001,9022074015585001,2,900,,
9022074069350001,9022074035997001,2,900,,
9022074000180001,9022074044669001,2,900,,
9022074073734001,9022074000080001,2,900,,
9022074000031001,9022074045549001,2,720,,
9022074074615001,9022074000080001,2,780,,
9022074000001001,9022074001541001,2,1500,,
9022074000019001,9022074018253001,2,900,,
9022074000019001,9022074018254001,2,900,,
9022074010464001,9022074021035001,2,900,,
9022074001617001,9022074020749001,2,600,,
9022074021809001,9022074000210001,2,1200,,
9022074007178001,9022074000005001,2,600,,
9022074020163001,9022074000244001,2,900,,
9022074022983001,9022074036326001,2,900,,
9022074000001001,9022074023844001,2,1200,,
9022074000002001,9022074020490001,2,900,,
9022074001617001,9022074069350001,2,600,,
9022074020362001,9022074000004001,2,1200,,
9022074020366001,9022074000119001,2,900,,
9022074035997001,9022074001617001,2,600,,
9022074020131001,9022074000556001,2,2400,,
9022074023844001,9022074024382001,2,600,,
9022074040991001,9022074000073001,2,1560,,
9022074018254001,9022074018253001,2,420,,
9022074021101001,9022074000194001,2,1800,,
9022074001617001,9022074004383001,2,600,,
9022074000150001,9022074014912001,2,2400,,
9022074004383001,9022074000622001,2,1200,,
9022074000002001,9022074020483001,2,900,,
9022074020749001,9022074023844001,2,600,,
9022074020490001,9022074000002001,2,900,,
9022074020297001,9022074000170001,2,1200,,
9022074021672001,9022074064286001,2,900,,
9022076000100001,9022076090001001,2,1800,,
9022074024382001,9022074012144001,2,2100,,
9022074020461001,9022074020116001,2,1500,,
9022074000190001,9022074023167001,2,1200,,
9022074000230001,9022074020699001,2,1200,,
9022074000303001,9022074010113001,2,1200,,
9022074000007001,9022074056927001,2,600,,
9022074000120001,9022074016547001,2,900,,
9022074021672001,9022074000773001,2,600,,
9022074023209001,9022074000120001,2,1200,,
9022074074133001,9022074000111001,2,600,,
9022074000160001,9022074012993001,2,1320,,
9022074000133001,9022074023147001,2,1200,,
9022074000005001,9022074023138001,2,1500,,
9022074000250001,9022074024254001,2,1020,,
9022074021656001,9022074000765001,2,1800,,
9022074012144001,9022074024382001,2,2100,,
9022074000482001,9022074021035001,2,1500,,
9022074013726001,9022074000282001,2,1800,,
9022074000120001,9022074023209001,2,1200,,
9022074000133001,9022074021190001,2,1500,,
9022074000250001,9022074035141001,2,900,,
9022074064286001,9022074021672001,2,900,,
9022074004383001,9022074001617001,2,600,,
9022074020483001,9022074000002001,2,900,,
9022074069350001,9022074024382001,2,600,,
9022074015585001,9022074020490001,2,900,,
9022074000130001,9022074015017001,2,900,,
9022074023167001,9022074020461001,2,600,,
9022074030117001,9022074059478001,2,600,,
9022074000773001,9022074045571001,2,600,,
9022074014912001,9022074000150001,2,2400,,
9022074018253001,9022074018254001,2,420,,
9022074000622001,9022074012144001,2,1800,,
9022080010102001,9022080010100001,2,2400,,
9022074000069001,9022074011251001,2,720,,
9022074000119001,9022074020366001,2,900,,
9022074007414001,9022074000005001,2,720,,
9022074011078001,9022074000172001,2,1500,,
9022074000001001,9022074001617001,2,1800,,
9022074000622001,9022074069350001,2,1200,,
9022074059478001,9022074020490001,2,600,,
9022074017297001,9022074000120001,2,960,,
9022074015585001,9022074020483001,2,900,,
9022074073664001,9022074000120001,2,1800,,
9022074011754001,9022074000221001,2,1200,,
9022074000003001,9022074015574001,2,1200,,
9022074011860001,9022074000099001,2,1800,,
9022074000210001,9022074019659001,2,1200,,
9022074000120001,9022074016757001,2,1800,,
9022074000119001,9022074000480001,2,1200,,
9022074001617001,9022074012144001,2,1800,,
9022074000301001,9022074024577001,2,180,,
9022074021672001,9022074045571001,2,480,,
9022074020749001,9022074000622001,2,1200,,
9022074020483001,9022074020490001,2,1020,,
9022074001370001,9022074074532001,2,300,,
9022074000069001,9022074032195001,2,900,,
9022076000100001,9022076002348001,2,3600,,
9022074019659001,9022074000210001,2,1200,,
9022074000123001,9022074013462001,2,1680,,
9022074000250001,9022074034378001,2,900,,
9022074023844001,9022074000001001,2,1200,,
9022074024382001,9022074000001001,2,1500,,
9022074001617001,9022074024382001,2,600,,
9022074000005001,9022074024542001,2,1200,,
9022074000622001,9022074024382001,2,1500,,
9022074000026001,9022074012938001,2,1200,,
9022074000001001,9022074000622001,2,1200,,
9022086099658001,9022086099659001,2,2700,,
9022074017678001,9022074000126001,2,1200,,
9022074033206001,9022074020132001,2,2700,,
9022074000073001,9022074040991001,2,1560,,
9022074013462001,9022074000123001,2,1680,,
9022086099658001,9022086099656001,2,2700,,
9022074076297001,9022074001622001,2,300,,
9022074020699001,9022074000230001,2,1200,,
9022074021190001,9022074000133001,2,1500,,
9022074012010001,9022074000283001,2,900,,
9022074020749001,9022074001617001,2,600,,
9022074059478001,9022074020483001,2,1020,,
9022074000072001,9022074076077001,2,600,,
9022074020297001,9022074076705001,2,900,,
9022074020362001,9022074020361001,2,600,,
9022074014990001,9022074001602001,2,3600,,
9022074072050001,9022074000003001,2,1200,,
9022086099658001,9022086000858001,2,2400,,
9022074018261001,9022074000130001,2,1800,,
9022074004383001,9022074035997001,2,900,,
9022074033206001,9022074000556001,2,14640,,
9021074000001000,9021074000001000,2,1200,,
9021074000002000,9021074000002000,2,900,,
9021074000003000,9021074000003000,2,900,,
9021074000004000,9021074000004000,2,540,,
9021074000005000,9021074000005000,2,600,,
9021074000006000,9021074000006000,2,600,,
9021074000007000,9021074000007000,2,600,,
9021074000008000,9021074000008000,2,600,,
9021074000009000,9021074000009000,2,600,,
9021074000018000,9021074000018000,2,420,,
9021074000019000,9021074000019000,2,600,,
9021074000020000,9021074000020000,2,600,,
9021074000023000,9021074000023000,2,600,,
9021074000025000,9021074000025000,2,300,,
9021074000026000,9021074000026000,2,600,,
9021074000027000,9021074000027000,2,600,,
9021074000030000,9021074000030000,2,600,,
9021074000031000,9021074000031000,2,600,,
9021074000032000,9021074000032000,2,600,,
9021074000036000,9021074000036000,2,300,,
9021074000039000,9021074000039000,2,600,,
9021074000040000,9021074000040000,2,480,,
9021074000041000,9021074000041000,2,300,,
9021074000042000,9021074000042000,2,600,,
9021074000044000,9021074000044000,2,540,,
9021074000045000,9021074000045000,2,600,,
9021074000049000,9021074000049000,2,300,,
9021074000052000,9021074000052000,2,600,,
9021074000055000,9021074000055000,2,600,,
9021074000059000,9021074000059000,2,0,,
9021074000060000,9021074000060000,2,480,,
9021074000062000,9021074000062000,2,600,,
9021074000063000,9021074000063000,2,1800,,
9021074000069000,9021074000069000,2,240,,
9021074000070000,9021074000070000,2,480,,
9021074000072000,9021074000072000,2,480,,
9021074000073000,9021074000073000,2,420,,
9021074000076000,9021074000076000,2,600,,
9021074000077000,9021074000077000,2,600,,
9021074000080000,9021074000080000,2,600,,
9021074000089000,9021074000089000,2,600,,
9021074000090000,9021074000090000,2,600,,
9021074000096000,9021074000096000,2,300,,
9021074000097000,9021074000097000,2,1800,,
9021074000099000,9021074000099000,2,480,,
9021074000100000,9021074000100000,2,600,,
9021074000105000,9021074000105000,2,600,,
9021074000110000,9021074000110000,2,300,,
9021074000111000,9021074000111000,2,600,,
9021074000112000,9021074000112000,2,600,,
9021074000114000,9021074000114000,2,0,,
9021074000115000,9021074000115000,2,600,,
9021074000119000,9021074000119000,2,300,,
9021074000120000,9021074000120000,2,600,,
9021074000123000,9021074000123000,2,600,,
9021074000126000,9021074000126000,2,1200,,
9021074000128000,9021074000128000,2,480,,
9021074000129000,9021074000129000,2,300,,
9021074000130000,9021074000130000,2,600,,
9021074000133000,9021074000133000,2,600,,
9021074000140000,9021074000140000,2,600,,
9021074000142000,9021074000142000,2,300,,
9021074000144000,9021074000144000,2,300,,
9021074000146000,9021074000146000,2,600,,
9021074000150000,9021074000150000,2,600,,
9021074000151000,9021074000151000,2,300,,
9021074000154000,9021074000154000,2,600,,
9021074000155000,9021074000155000,2,180,,
9021074000156000,9021074000156000,2,600,,
9021074000158000,9021074000158000,2,600,,
9021074000160000,9021074000160000,2,600,,
9021074000162000,9021074000162000,2,600,,
9021074000166000,9021074000166000,2,600,,
9021074000167000,9021074000167000,2,300,,
9021074000170000,9021074000170000,2,600,,
9021074000172000,9021074000172000,2,600,,
9021074000173000,9021074000173000,2,420,,
9021074000180000,9021074000180000,2,600,,
9021074000181000,9021074000181000,2,600,,
9021074000183000,9021074000183000,2,480,,
9021074000187000,9021074000187000,2,600,,
9021074000189000,9021074000189000,2,300,,
9021074000190000,9021074000190000,2,600,,
9021074000191000,9021074000191000,2,600,,
9021074000192000,9021074000192000,2,600,,
9021074000194000,9021074000194000,2,600,,
9021074000198000,9021074000198000,2,600,,
9021074000202000,9021074000202000,2,600,,
9021074000206000,9021074000206000,2,300,,
9021074000208000,9021074000208000,2,300,,
9021074000210000,9021074000210000,2,600,,
9021074000214000,9021074000214000,2,420,,
9021074000217000,9021074000217000,2,600,,
9021074000220000,9021074000220000,2,600,,
9021074000221000,9021074000221000,2,600,,
9021074000222000,9021074000222000,2,480,,
9021074000228000,9021074000228000,2,600,,
9021074000229000,9021074000229000,2,0,,
9021074000230000,9021074000230000,2,480,,
9021074000235000,9021074000235000,2,600,,
9021074000239000,9021074000239000,2,300,,
9021074000242000,9021074000242000,2,600,,
9021074000244000,9021074000244000,2,300,,
9021074000250000,9021074000250000,2,600,,
9021074000253000,9021074000253000,2,600,,
9021074000254000,9021074000254000,2,600,,
9021074000260000,9021074000260000,2,600,,
9021074000262000,9021074000262000,2,300,,
9021074000263000,9021074000263000,2,600,,
9021074000265000,9021074000265000,2,600,,
9021074000266000,9021074000266000,2,300,,
9021074000268000,9021074000268000,2,540,,
9021074000277000,9021074000277000,2,600,,
9021074000282000,9021074000282000,2,480,,
9021074000283000,9021074000283000,2,600,,
9021074000287000,9021074000287000,2,600,,
9021074000291000,9021074000291000,2,300,,
9021074000294000,9021074000294000,2,300,,
9021074000300000,9021074000300000,2,600,,
9021074000301000,9021074000301000,2,600,,
9021074000302000,9021074000302000,2,420,,
9021074000303000,9021074000303000,2,600,,
9021074000308000,9021074000308000,2,600,,
9021074000322000,9021074000322000,2,900,,
9021074000345000,9021074000345000,2,420,,
9021074000347000,9021074000347000,2,600,,
9021074000361000,9021074000361000,2,5400,,
9021074000385000,9021074000385000,2,0,,
9021074000419000,9021074000419000,2,600,,
9021074000448000,9021074000448000,2,0,,
9021074000455000,9021074000455000,2,0,,
9021074000480000,9021074000480000,2,300,,
9021074000482000,9021074000482000,2,0,,
9021074000491000,9021074000491000,2,0,,
9021074000506000,9021074000506000,2,0,,
9021074000511000,9021074000511000,2,600,,
9021074000556000,9021074000556000,2,3600,,
9021074000559000,9021074000559000,2,600,,
9021074000569000,9021074000569000,2,600,,
9021074000602000,9021074000602000,2,600,,
9021074000615000,9021074000615000,2,600,,
9021074000620000,9021074000620000,2,600,,
9021074000622000,9021074000622000,2,1200,,
9021074000632000,9021074000632000,2,420,,
9021074000635000,9021074000635000,2,0,,
9021074000638000,9021074000638000,2,300,,
9021074000660000,9021074000660000,2,600,,
9021074000705000,9021074000705000,2,300,,
9021074000709000,9021074000709000,2,300,,
9021074000753000,9021074000753000,2,0,,
9021074000765000,9021074000765000,2,1200,,
9021074000773000,9021074000773000,2,600,,
9021074000816000,9021074000816000,2,60,,
9021074000924000,9021074000924000,2,300,,
9021074001126000,9021074001126000,2,0,,
9021074001317000,9021074001317000,2,0,,
9021074001370000,9021074001370000,2,0,,
9021074001432000,9021074001432000,2,0,,
9021074001433000,9021074001433000,2,0,,
9021074001529000,9021074001529000,2,0,,
9021074001541000,9021074001541000,2,300,,
9021074001559000,9021074001559000,2,1800,,
9021074001560000,9021074001560000,2,600,,
9021074001570000,9021074001570000,2,600,,
9021074001581000,9021074001581000,2,600,,
9021074001583000,9021074001583000,2,300,,
9021074001601000,9021074001601000,2,300,,
9021074001602000,9021074001602000,2,600,,
9021074001617000,9021074001617000,2,540,,
9021074001622000,9021074001622000,2,600,,
9021074004383000,9021074004383000,2,480,,
9021074007178000,9021074007178000,2,1200,,
9021074007354000,9021074007354000,2,180,,
9021074007414000,9021074007414000,2,300,,
9021074007415000,9021074007415000,2,180,,
9021074010040000,9021074010040000,2,0,,
9021074010113000,9021074010113000,2,600,,
9021074010441000,9021074010441000,2,300,,
9021074010444000,9021074010444000,2,0,,
9021074010464000,9021074010464000,2,0,,
9021074010760000,9021074010760000,2,300,,
9021074010955000,9021074010955000,2,1200,,
9021074011078000,9021074011078000,2,0,,
9021074011251000,9021074011251000,2,180,,
9021074011490000,9021074011490000,2,120,,
9021074011754000,9021074011754000,2,0,,
9021074011860000,9021074011860000,2,180,,
9021074012010000,9021074012010000,2,300,,
9021074012144000,9021074012144000,2,600,,
9021074012655000,9021074012655000,2,120,,
9021074012938000,9021074012938000,2,120,,
9021074012993000,9021074012993000,2,120,,
9021074013013000,9021074013013000,2,120,,
9021074013432000,9021074013432000,2,0,,
9021074013462000,9021074013462000,2,300,,
9021074013726000,9021074013726000,2,300,,
9021074014839000,9021074014839000,2,0,,
9021074014841000,9021074014841000,2,300,,
9021074014856000,9021074014856000,2,300,,
9021074014912000,9021074014912000,2,300,,
9021074014990000,9021074014990000,2,300,,
9021074015017000,9021074015017000,2,600,,
9021074015325000,9021074015325000,2,0,,
9021074015508000,9021074015508000,2,900,,
9021074015574000,9021074015574000,2,180,,
9021074015585000,9021074015585000,2,180,,
9021074016547000,9021074016547000,2,180,,
9021074016757000,9021074016757000,2,180,,
9021074017297000,9021074017297000,2,180,,
9021074017298000,9021074017298000,2,180,,
9021074017678000,9021074017678000,2,0,,
9021074017706000,9021074017706000,2,0,,
9021074018094000,9021074018094000,2,300,,
9021074018253000,9021074018253000,2,120,,
9021074018254000,9021074018254000,2,120,,
9021074018261000,9021074018261000,2,300,,
9021074018443000,9021074018443000,2,0,,
9021074018474000,9021074018474000,2,0,,
9021074019659000,9021074019659000,2,1200,,
9021074020094000,9021074020094000,2,300,,
9021074020116000,9021074020116000,2,300,,
9021074020131000,9021074020131000,2,2400,,
9021074020132000,9021074020132000,2,1500,,
9021074020133000,9021074020133000,2,2700,,
9021074020134000,9021074020134000,2,1500,,
9021074020163000,9021074020163000,2,300,,
9021074020260000,9021074020260000,2,180,,
9021074020297000,9021074020297000,2,600,,
9021074020299000,9021074020299000,2,120,,
9021074020361000,9021074020361000,2,0,,
9021074020362000,9021074020362000,2,0,,
9021074020366000,9021074020366000,2,300,,
9021074020461000,9021074020461000,2,300,,
9021074020469000,9021074020469000,2,180,,
9021074020483000,9021074020483000,2,300,,
9021074020490000,9021074020490000,2,300,,
9021074020510000,9021074020510000,2,180,,
9021074020698000,9021074020698000,2,300,,
9021074020699000,9021074020699000,2,180,,
9021074020700000,9021074020700000,2,300,,
9021074020707000,9021074020707000,2,0,,
9021074020749000,9021074020749000,2,420,,
9021074021035000,9021074021035000,2,0,,
9021074021096000,9021074021096000,2,0,,
9021074021101000,9021074021101000,2,1200,,
9021074021190000,9021074021190000,2,0,,
9021074021654000,9021074021654000,2,480,,
9021074021656000,9021074021656000,2,300,,
9021074021672000,9021074021672000,2,300,,
9021074021809000,9021074021809000,2,300,,
9021074022959000,9021074022959000,2,0,,
9021074022983000,9021074022983000,2,300,,
9021074023138000,9021074023138000,2,1200,,
9021074023147000,9021074023147000,2,300,,
9021074023167000,9021074023167000,2,300,,
9021074023209000,9021074023209000,2,180,,
9021074023497000,9021074023497000,2,0,,
9021074023840000,9021074023840000,2,3600,,
9021074023844000,9021074023844000,2,600,,
9021074023989000,9021074023989000,2,0,,
9021074023990000,9021074023990000,2,0,,
9021074024006000,9021074024006000,2,180,,
9021074024254000,9021074024254000,2,600,,
9021074024266000,9021074024266000,2,0,,
9021074024352000,9021074024352000,2,0,,
9021074024382000,9021074024382000,2,600,,
9021074024413000,9021074024413000,2,0,,
9021074024542000,9021074024542000,2,0,,
9021074024577000,9021074024577000,2,0,,
9021074025002000,9021074025002000,2,600,,
9021074025068000,9021074025068000,2,600,,
9021074025264000,9021074025264000,2,120,,
9021074025475000,9021074025475000,2,120,,
9021074025509000,9021074025509000,2,600,,
9021074025851000,9021074025851000,2,600,,
9021074026026000,9021074026026000,2,0,,
9021074026034000,9021074026034000,2,0,,
9021074026036000,9021074026036000,2,0,,
9021074026042000,9021074026042000,2,900,,
9021074027905000,9021074027905000,2,600,,
9021074029154000,9021074029154000,2,0,,
9021074029938000,9021074029938000,2,0,,
9021074030041000,9021074030041000,2,0,,
9021074030117000,9021074030117000,2,300,,
9021074032125000,9021074032125000,2,300,,
9021074032195000,9021074032195000,2,180,,
9021074033000000,9021074033000000,2,0,,
9021074033206000,9021074033206000,2,15300,,
9021074034378000,9021074034378000,2,300,,
9021074034903000,9021074034903000,2,600,,
9021074035141000,9021074035141000,2,600,,
9021074035997000,9021074035997000,2,600,,
9021074036326000,9021074036326000,2,600,,
9021074040991000,9021074040991000,2,60,,
9021074043449000,9021074043449000,2,300,,
9021074044669000,9021074044669000,2,300,,
9021074045462000,9021074045462000,2,300,,
9021074045463000,9021074045463000,2,300,,
9021074045549000,9021074045549000,2,600,,
9021074045571000,9021074045571000,2,300,,
9021074050778000,9021074050778000,2,0,,
9021074056794000,9021074056794000,2,0,,
9021074056927000,9021074056927000,2,240,,
9021074057604000,9021074057604000,2,180,,
9021074059478000,9021074059478000,2,300,,
9021074062751000,9021074062751000,2,0,,
9021074064286000,9021074064286000,2,0,,
9021074064292000,9021074064292000,2,0,,
9021074069192000,9021074069192000,2,600,,
9021074069350000,9021074069350000,2,600,,
9021074071752000,9021074071752000,2,300,,
9021074071918000,9021074071918000,2,0,,
9021074071974000,9021074071974000,2,300,,
9021074072050000,9021074072050000,2,1200,,
9021074072220000,9021074072220000,2,300,,
9021074072520000,9021074072520000,2,0,,
9021074073664000,9021074073664000,2,1800,,
9021074073734000,9021074073734000,2,0,,
9021074073781000,9021074073781000,2,180,,
9021074074133000,9021074074133000,2,120,,
9021074074413000,9021074074413000,2,0,,
9021074074532000,9021074074532000,2,0,,
9021074074615000,9021074074615000,2,180,,
9021074074657000,9021074074657000,2,0,,
9021074075147000,9021074075147000,2,0,,
9021074076077000,9021074076077000,2,180,,
9021074076297000,9021074076297000,2,600,,
9021074076705000,9021074076705000,2,300,,
9021074079000000,9021074079000000,2,0,,
9021074079001000,9021074079001000,2,0,,
9021074079002000,9021074079002000,2,0,,
9021074079003000,9021074079003000,2,0,,
9021074079004000,9021074079004000,2,0,,
9021074079005000,9021074079005000,2,0,,
9021074079006000,9021074079006000,2,0,,
9021074079007000,9021074079007000,2,0,,
9021074079008000,9021074079008000,2,0,,
9021074079011000,9021074079011000,2,0,,
9021074079013000,9021074079013000,2,0,,
9021074079014000,9021074079014000,2,0,,
9021074079015000,9021074079015000,2,0,,
9021074079019000,9021074079019000,2,0,,
9021074079020000,9021074079020000,2,0,,
9021076000100000,9021076000100000,2,480,,
9021076000318000,9021076000318000,2,60,,
9021076000508000,9021076000508000,2,420,,
9021076000516000,9021076000516000,2,120,,
9021076000518000,9021076000518000,2,120,,
9021076000519000,9021076000519000,2,120,,
9021076000522000,9021076000522000,2,120,,
9021076000527000,9021076000527000,2,120,,
9021076000546000,9021076000546000,2,120,,
9021076002348000,9021076002348000,2,120,,
9021076002402000,9021076002402000,2,120,,
9021076002404000,9021076002404000,2,120,,
9021076002405000,9021076002405000,2,120,,
9021076002406000,9021076002406000,2,120,,
9021076012405000,9021076012405000,2,0,,
9021076090001000,9021076090001000,2,300,,
9021076099986000,9021076099986000,2,2400,,
9021080010100000,9021080010100000,2,840,,
9021080010102000,9021080010102000,2,1800,,
9021080020382000,9021080020382000,2,300,,
9021080020400000,9021080020400000,2,480,,
9021080020401000,9021080020401000,2,420,,
9021080020403000,9021080020403000,2,300,,
9021080080600000,9021080080600000,2,480,,
9021080080603000,9021080080603000,2,420,,
9021080090400000,9021080090400000,2,300,,
9021081000308000,9021081000308000,2,300,,
9021081000310000,9021081000310000,2,300,,
9021081000320000,9021081000320000,2,300,,
9021081000328000,9021081000328000,2,300,,
9021081000329000,9021081000329000,2,0,,
9021081000378000,9021081000378000,2,0,,
9021081000462000,9021081000462000,2,420,,
9021081000482000,9021081000482000,2,0,,
9021081000503000,9021081000503000,2,300,,
9021081000509000,9021081000509000,2,300,,
9021081000522000,9021081000522000,2,300,,
9021081000626000,9021081000626000,2,300,,
9021081082201000,9021081082201000,2,300,,
9021081099988000,9021081099988000,2,0,,
9021081099989000,9021081099989000,2,0,,
9021081099991000,9021081099991000,2,0,,
9021081099992000,9021081099992000,2,0,,
9021081099995000,9021081099995000,2,0,,
9021086000083000,9021086000083000,2,300,,
9021086000100000,9021086000100000,2,300,,
9021086000512000,9021086000512000,2,300,,
9021086000626000,9021086000626000,2,900,,
9021086000798000,9021086000798000,2,900,,
9021086000856000,9021086000856000,2,1800,,
9021086000858000,9021086000858000,2,600,,
9021086024917000,9021086024917000,2,1200,,
9021086099656000,9021086099656000,2,1800,,
9021086099658000,9021086099658000,2,2700,,
9021086099659000,9021086099659000,2,2700,,
