,route_id,service_id,trip_id,trip_headsign,trip_short_name
4029,1074053900001,003273,20740539007897,Malmö Centralstation,539.0
4030,1074053900001,005247,20740539013529,Malmö Centralstation,539.0
4031,1074053900001,000857,20740539027865,Malmö Centralstation,539.0
4032,1074053900001,005951,20740539016601,Malmö Centralstation,539.0
4033,1074053900001,000851,20740539014041,Malmö Centralstation,539.0
4034,1074053900001,005808,20740539004569,Malmö Centralstation,539.0
4035,1074053900001,006233,20740539004057,Malmö Centralstation,539.0
4036,1074053900001,003777,20740539025049,Malmö Centralstation,539.0
4037,1074053900001,004975,20740539041945,Malmö Centralstation,539.0
4038,1074053900001,005900,20740539045529,Malmö Centralstation,539.0
4039,1074053900001,006126,20740539022233,Malmö Centralstation,539.0
4040,1074053900001,006213,20740539049625,Malmö Centralstation,539.0
4041,1074053900001,006214,20740539022489,Malmö Centralstation,539.0
4042,1074053900001,004262,20740539007641,Malmö Centralstation,539.0
4043,1074053900001,006239,20740539002009,Malmö Centralstation,539.0
4044,1074053900001,006107,20740539038105,Malmö Centralstation,539.0
4045,1074053900001,006240,20740539028889,Malmö Centralstation,539.0
4046,1074053900001,006117,20740539000217,Malmö Centralstation,539.0
4047,1074053900001,005888,20740539018137,Malmö Centralstation,539.0
4048,1074053900001,004036,20740539001929,Malmö Centralstation,539.0
4049,1074053900001,003764,20740539008409,Malmö Centralstation,539.0
4050,1074053900001,001974,20740539063187,Malmö Centralstation,539.0
4051,1074053900001,006245,20740539018899,Malmö Centralstation,539.0
4052,1074053900001,006115,20740539025299,Malmö Centralstation,539.0
4053,1074053900001,001135,20740539040391,Malmö Centralstation,539.0
4054,1074053900001,001146,20740539028871,Malmö Centralstation,539.0
4055,1074053900001,004136,20740539045273,Malmö Centralstation,539.0
4056,1074053900001,004247,20740539035033,Malmö Centralstation,539.0
4057,1074053900001,003751,20740539055512,Malmö Centralstation,539.0
4058,1074053900001,005088,20740539023501,Malmö Centralstation,539.0
4059,1074053900001,003762,20740539020685,Malmö Centralstation,539.0
4060,1074053900002,000022,20740539026329,Mjölby station,10539.0
4061,1074053900002,003744,20740539000968,Alvesta station,10539.0
4062,1074053900002,005088,20740539048857,Alvesta station,10539.0
4063,1074053900002,003762,20740539028633,Alvesta station,10539.0
4064,1074053900002,004166,20740539044505,Alvesta station,10539.0
4066,1074053900001,000603,20740539050869,Malmö Centralstation,539.0
4067,1074053900001,000762,20740539049077,Malmö Centralstation,539.0
4068,1074053900001,000858,20740539061401,Linköping Centralstation,539.0
4069,1074053900001,000144,20740539000985,Linköping Centralstation,539.0
24016,1074057100001,001145,20740571035284,Stockholm Centralstation,571.0
24017,1074057100001,004247,20740571039892,Stockholm Centralstation,571.0
24018,1074057100001,004387,20740571010196,Stockholm Centralstation,571.0
24019,1074057100001,004166,20740571028372,Stockholm Centralstation,571.0
24020,1074057100001,004263,20740571029140,Stockholm Centralstation,571.0
24021,1074057100001,000833,20740571008916,Stockholm Centralstation,571.0
24022,1074057100001,005697,20740571014292,Stockholm Centralstation,571.0
24023,1074057100001,006298,20740571053460,Stockholm Centralstation,571.0
24024,1074057100001,005589,20740571042964,Stockholm Centralstation,571.0
24025,1074057100001,005865,20740571046548,Stockholm Centralstation,571.0
24026,1074057100001,006290,20740571060884,Stockholm Centralstation,571.0
24027,1074057100001,000484,20740571040149,Stockholm Centralstation,571.0
24028,1074057100001,000080,20740571013524,Stockholm Centralstation,571.0
24029,1074057100001,003764,20740571043476,Stockholm Centralstation,571.0
24030,1074057100001,003744,20740571057223,Stockholm Centralstation,571.0
24633,1583000000001,001522,25830000028801,Kalmar Centralstation,28801.0
24634,1583000000002,004166,25830000028823,Kalmar Centralstation,28823.0
24635,1583000000002,009239,25830000010001,Kalmar Centralstation,28823.0
24636,1583000000002,009240,25830000010002,Kalmar Centralstation,28823.0
24637,1583000000003,005747,25830000028803,Kalmar Centralstation,28803.0
24638,1583000000003,003734,25830000010003,Kalmar Centralstation,28803.0
24639,1583000000003,009242,25830000010004,Kalmar Centralstation,28803.0
24640,1583000000004,004337,25830000028805,Kalmar Centralstation,28805.0
24641,1583000000004,009243,25830000010005,Kalmar Centralstation,28805.0
24642,1583000000004,009244,25830000010006,Kalmar Centralstation,28805.0
24643,1583000000005,005747,25830000028807,Kalmar Centralstation,28807.0
24644,1583000000005,009243,25830000010007,Kalmar Centralstation,28807.0
24645,1583000000005,009245,25830000010008,Kalmar Centralstation,28807.0
24646,1583000000006,009246,25830000028809,Kalmar Centralstation,28809.0
24647,1583000000004,000080,25830000010009,Blomstermåla station,28805.0
24648,1583000000005,000080,25830000010010,Blomstermåla station,28807.0
24649,1583000000006,000080,25830000010011,Blomstermåla station,28809.0
24650,1583000000004,004387,25830000010012,Kalmar Centralstation,28805.0
24651,1583000000005,004387,25830000010013,Kalmar Centralstation,28807.0
24652,1583000000006,004387,25830000010014,Kalmar Centralstation,28809.0
24653,1583000000007,004387,25830000028811,Kalmar Centralstation,28811.0
24654,1583000000008,004387,25830000028813,Kalmar Centralstation,28813.0
24655,1583000000002,004387,25830000010015,Kalmar Centralstation,28823.0
24656,1583000000004,003755,25830000010016,Kalmar Centralstation,28805.0
24657,1583000000004,009248,25830000010017,Kalmar Centralstation,28805.0
24658,1583000000004,009249,25830000010018,Kalmar Centralstation,28805.0
24659,1583000000005,003734,25830000010019,Kalmar Centralstation,28807.0
24660,1583000000005,009248,25830000010020,Kalmar Centralstation,28807.0
24661,1583000000005,009250,25830000010021,Kalmar Centralstation,28807.0
24662,1583000000006,009251,25830000010022,Kalmar Centralstation,28809.0
24663,1583000000007,000080,25830000010023,Blomstermåla station,28811.0
24664,1583000000009,000429,25830000028815,Kalmar Centralstation,28815.0
24665,1583000000007,009246,25830000010024,Kalmar Centralstation,28811.0
24666,1583000000009,006969,25830000010025,Kalmar Centralstation,28815.0
24667,1583000000008,009254,25830000010026,Kalmar Centralstation,28813.0
24668,1583000000008,009255,25830000010027,Kalmar Centralstation,28813.0
24669,1583000000007,009251,25830000010028,Kalmar Centralstation,28811.0
24670,1583000000008,009256,25830000010029,Kalmar Centralstation,28813.0
24671,1583000000008,009257,25830000010030,Kalmar Centralstation,28813.0
24672,1583000000008,009258,25830000010031,Kalmar Centralstation,28813.0
24673,1583000000010,004918,25830000028817,Hultsfred station,28817.0
24674,1583000000010,009260,25830000010032,Hultsfred station,28817.0
24675,1583000000011,009242,25830000028800,Linköping Centralstation,28800.0
24676,1583000000011,009261,25830000010033,Linköping Centralstation,28800.0
24677,1583000000012,003755,25830000028802,Linköping Centralstation,28802.0
24678,1583000000012,003998,25830000010034,Linköping Centralstation,28802.0
24679,1583000000012,009263,25830000010035,Linköping Centralstation,28802.0
24680,1583000000013,004387,25830000028804,Hultsfred station,28804.0
24681,1583000000014,004918,25830000028816,Hultsfred station,28816.0
24682,1583000000015,004387,25830000028806,Hultsfred station,28806.0
24683,1583000000016,004387,25830000028808,Hultsfred station,28808.0
24684,1583000000017,004387,25830000028810,Hultsfred station,28810.0
24685,1583000000018,004387,25830000028812,Hultsfred station,28812.0
24686,1583000000013,004166,25830000010036,Linköping Centralstation,28804.0
24687,1583000000013,005747,25830000010037,Linköping Centralstation,28804.0
24688,1583000000013,004337,25830000010038,Linköping Centralstation,28804.0
24689,1583000000013,009264,25830000010039,Linköping Centralstation,28804.0
24690,1583000000013,009265,25830000010040,Linköping Centralstation,28804.0
24691,1583000000013,009266,25830000010041,Linköping Centralstation,28804.0
24692,1583000000013,009267,25830000010042,Linköping Centralstation,28804.0
24693,1583000000015,005747,25830000010043,Linköping Centralstation,28806.0
24694,1583000000016,009246,25830000010044,Linköping Centralstation,28808.0
24695,1583000000017,009246,25830000010045,Linköping Centralstation,28810.0
24696,1583000000018,009246,25830000010046,Linköping Centralstation,28812.0
24697,1583000000019,009255,25830000028814,Linköping Centralstation,28814.0
24698,1583000000015,009268,25830000010047,Linköping Centralstation,28806.0
24699,1583000000019,009269,25830000010048,Linköping Centralstation,28814.0
24700,1583000000013,003734,25830000010049,Linköping Centralstation,28804.0
24701,1583000000013,003755,25830000010050,Linköping Centralstation,28804.0
24702,1583000000013,000080,25830000010051,Linköping Centralstation,28804.0
24703,1583000000013,005646,25830000010052,Linköping Centralstation,28804.0
24704,1583000000013,009271,25830000010053,Linköping Centralstation,28804.0
24705,1583000000013,009272,25830000010054,Linköping Centralstation,28804.0
24706,1583000000015,003734,25830000010055,Linköping Centralstation,28806.0
24707,1583000000015,009248,25830000010056,Linköping Centralstation,28806.0
24708,1583000000015,009250,25830000010057,Linköping Centralstation,28806.0
24709,1583000000016,009251,25830000010058,Linköping Centralstation,28808.0
24710,1583000000018,009251,25830000010059,Linköping Centralstation,28812.0
24711,1583000000017,009273,25830000010060,Linköping Centralstation,28810.0
24712,1583000000017,009274,25830000010061,Linköping Centralstation,28810.0
24713,1583000000015,000080,25830000010062,Linköping Centralstation,28806.0
24714,1583000000016,000080,25830000010063,Linköping Centralstation,28808.0
24715,1583000000017,000080,25830000010064,Linköping Centralstation,28810.0
24716,1583000000018,000080,25830000010065,Linköping Centralstation,28812.0
24717,1583000000014,009275,25830000010066,Vimmerby station,28816.0
24718,1583000000020,004337,25830000028822,Linköping Centralstation,28822.0
24719,1583000000020,009276,25830000010067,Linköping Centralstation,28822.0
27010,1074058000001,003742,20740580000024,Sundsvall Centralstation,580.0
27011,1074058000001,000033,20740580001304,Umeå Centralstation,580.0
27012,1074058000001,004387,20740580021784,Umeå Centralstation,580.0
27013,1074058000001,005887,20740580019224,Umeå Centralstation,580.0
27014,1074058000001,001074,20740580057368,Umeå Centralstation,580.0
27015,1074058000001,005635,20740580045336,Umeå Centralstation,580.0
27016,1074058000001,005637,20740580038936,Umeå Centralstation,580.0
27017,1074058000001,006268,20740580065304,Umeå Centralstation,580.0
27018,1074058000001,005845,20740580034328,Umeå Centralstation,580.0
27019,1074058000001,005512,20740580049176,Umeå Centralstation,580.0
27020,1074058000001,006310,20740580056856,Umeå Centralstation,580.0
27021,1074058000001,003737,20740580053272,Umeå Centralstation,580.0
27022,1074058000001,003620,20740580043032,Umeå Centralstation,580.0
27023,1074058000001,000023,20740580005144,Gävle Centralstation,580.0
27024,1074058000001,000857,20740580056088,Sundsvall Centralstation,580.0
27025,1074058000001,005615,20740580018712,Sundsvall Centralstation,580.0
27026,1074058000001,004920,20740580005400,Sundsvall Centralstation,580.0
27027,1074058000001,005698,20740580045848,Sundsvall Centralstation,580.0
27028,1074058000001,005907,20740580060440,Sundsvall Centralstation,580.0
27029,1074058000001,001631,20740580035864,Sundsvall Centralstation,580.0
27030,1074058000001,005623,20740580006680,Sundsvall Centralstation,580.0
27031,1074058000001,003996,20740580000536,Sundsvall Centralstation,580.0
27032,1074058000001,006311,20740580040984,Sundsvall Centralstation,580.0
27033,1074058000001,006282,20740580029208,Sundsvall Centralstation,580.0
27034,1074058000001,006312,20740580050200,Sundsvall Centralstation,580.0
27035,1074058000001,006313,20740580010776,Sundsvall Centralstation,580.0
27036,1074058000001,003764,20740580008728,Umeå Centralstation,580.0
27037,1074058000001,000080,20740580017688,Umeå Centralstation,580.0
28665,1074054800001,000762,20740548009352,Stockholm Centralstation,548.0
28666,1074054800001,005550,20740548052616,Stockholm Centralstation,548.0
28667,1074054800001,005247,20740548042888,Stockholm Centralstation,548.0
28668,1074054800001,002006,20740548022408,Stockholm Centralstation,548.0
28669,1074054800001,006153,20740548017544,Stockholm Centralstation,548.0
28670,1074054800001,000857,20740548053128,Stockholm Centralstation,548.0
28671,1074054800001,000851,20740548052360,Stockholm Centralstation,548.0
28672,1074054800001,005545,20740548064904,Stockholm Centralstation,548.0
28673,1074054800001,004975,20740548028296,Stockholm Centralstation,548.0
28674,1074054800001,006164,20740548046728,Stockholm Centralstation,548.0
28675,1074054800001,006264,20740548059016,Stockholm Centralstation,548.0
28676,1074054800001,006250,20740548055688,Stockholm Centralstation,548.0
28677,1074054800001,006251,20740548012424,Stockholm Centralstation,548.0
28678,1074054800001,006265,20740548001416,Stockholm Centralstation,548.0
28679,1074054800001,006155,20740548003464,Stockholm Centralstation,548.0
28680,1074054800001,001380,20740548011400,Stockholm Centralstation,548.0
28681,1074054800001,004034,20740548020104,Stockholm Centralstation,548.0
28682,1074054800001,001129,20740548053384,Stockholm Centralstation,548.0
28683,1074054800001,005460,20740548044168,Stockholm Centralstation,548.0
28684,1074054800002,005088,20740548007388,Stockholm Centralstation,10548.0
28685,1074054800002,003744,20740548023260,Stockholm Centralstation,10548.0
28686,1074054800002,003762,20740548036572,Stockholm Centralstation,10548.0
28687,1074054800001,000858,20740548038457,Stockholm Centralstation,548.0
28688,1074054800001,005088,20740548008328,Hässleholm Centralstation,548.0
28689,1074054800001,003762,20740548040328,Hässleholm Centralstation,548.0
31678,1076092000001,003794,20760920062736,Malmö Centralstation,
31679,1076092000001,003747,20760920001296,Malmö Centralstation,
31680,1076092000001,003795,20760920009488,Malmö Centralstation,
31681,1076092000001,003796,20760920000272,Malmö Centralstation,
31682,1076092000001,003752,20760920016400,Malmö Centralstation,
31683,1076092000002,003797,20760920052495,Malmö Centralstation,
31684,1076092000002,003798,20760920044559,Malmö Centralstation,
31685,1076092000003,003803,20760920018447,Göteborg Centralstation,
31686,1076092000003,003804,20760920000015,Göteborg Centralstation,
31687,1076092000003,003805,20760920055823,Göteborg Centralstation,
31688,1076092000004,000144,20760920039055,Göteborg Centralstation,
31689,1076092000004,000848,20760920001167,Göteborg Centralstation,
31690,1076092000004,003806,20760920061071,Göteborg Centralstation,
31691,1076092000004,003807,20760920012175,Göteborg Centralstation,
31692,1076092000004,003808,20760920053647,Göteborg Centralstation,
31693,1076092000005,003747,20760920058252,Göteborg Centralstation,
31694,1076092000005,003809,20760920004748,Göteborg Centralstation,
31695,1076092000006,003810,20760920011407,Göteborg Centralstation,
31696,1076092000006,003811,20760920024975,Göteborg Centralstation,
31697,1076092000006,003812,20760920041615,Göteborg Centralstation,
31698,1076092000006,003813,20760920005519,Göteborg Centralstation,
31699,1076092000001,001145,20760920040208,Göteborg Centralstation,
31700,1076092000001,003814,20760920010512,Göteborg Centralstation,
31701,1076092000001,003815,20760920013328,Göteborg Centralstation,
31702,1076092000001,003816,20760920023568,Göteborg Centralstation,
31703,1076092000002,003605,20760920060943,Göteborg Centralstation,
31704,1076092000002,001856,20760920025359,Göteborg Centralstation,
31705,1076092000002,003817,20760920054799,Göteborg Centralstation,
31706,1076092000002,001944,20760920013071,Göteborg Centralstation,
31707,1076092000002,003818,20760920018703,Göteborg Centralstation,
31708,1076092000002,003819,20760920024591,Göteborg Centralstation,
31709,1076092000001,000332,20760920017168,Göteborg Centralstation,
31710,1076092000007,003820,20760920018571,Göteborg Centralstation,
31711,1076092000007,003821,20760920023947,Göteborg Centralstation,
31712,1076092000007,003822,20760920058251,Göteborg Centralstation,
31713,1076092000008,003823,20760920038894,Göteborg Centralstation,
31714,1076092000008,003824,20760920042478,Göteborg Centralstation,
31715,1076092000009,003806,20760920002192,Oslo S,
31716,1076092000009,003835,20760920029072,Oslo S,
31717,1076092000009,003836,20760920031120,Oslo S,
31718,1076092000009,003837,20760920033936,Oslo S,
31719,1076092000010,002039,20760920002320,Oslo S,
31720,1076092000010,003838,20760920014352,Oslo S,
31721,1076092000011,001145,20760920007054,Oslo S,
31722,1076092000011,001132,20760920041614,Oslo S,
31723,1076092000011,000332,20760920020878,Oslo S,
31724,1076092000011,003839,20760920009870,Oslo S,
31725,1076092000011,003840,20760920046478,Oslo S,
31726,1076092000011,003841,20760920008590,Oslo S,
31727,1076092000012,003842,20760920043022,Oslo S,
31728,1076092000012,003843,20760920009742,Oslo S,
31729,1076092000013,003369,20760920015115,Oslo S,
31730,1076092000013,003844,20760920010251,Oslo S,
31731,1076092000013,003845,20760920019467,Oslo S,
31732,1076092000013,003846,20760920023819,Oslo S,
31733,1076092000014,003847,20760920013582,Oslo S,
31734,1076092000015,003848,20760920062608,Oslo S,
31735,1076092000015,003849,20760920017040,Oslo S,
31736,1076092000016,000144,20760920026894,Oslo S,
31737,1076092000016,003803,20760920056078,Oslo S,
31738,1076092000016,003850,20760920027406,Oslo S,
31739,1076092000016,003851,20760920047886,Oslo S,
31740,1076092000015,003747,20760920031888,Oslo S,
31741,1076092000015,003852,20760920042128,Oslo S,
31742,1076092000017,003853,20760920064400,Oslo S,
31743,1076092000011,003265,20760920009443,Oslo S,
31744,1076092000011,003857,20760920024803,Oslo S,
31745,1076092000011,003326,20760920028896,Oslo S,
31746,1076092000011,003858,20760920045795,Oslo S,
31747,1076092000011,001419,20760920051680,Oslo S,
31748,1076092000015,003859,20760920055508,Oslo S,
31749,1076092000011,003266,20760920058339,Oslo S,
32697,1074036800001,000429,20740368052469,Karlstad Centralstation,368.0
32698,1074036800001,001948,20740368041717,Karlstad Centralstation,368.0
32699,1074036800001,004326,20740368028149,Karlstad Centralstation,368.0
32700,1074036800001,004518,20740368060149,Karlstad Centralstation,368.0
32701,1074036800001,005864,20740368010997,Karlstad Centralstation,368.0
32702,1074036800001,000359,20740368045557,Kil station,368.0
32703,1074036800001,000835,20740368012789,Kil station,368.0
32710,1074036800001,005714,20740368026063,Karlstad Centralstation,368.0
32711,1074036800001,005716,20740368045263,Karlstad Centralstation,368.0
32712,1074036800001,005698,20740368041679,Karlstad Centralstation,368.0
32713,1074036800001,005573,20740368009935,Karlstad Centralstation,368.0
32714,1074036800001,005706,20740368051151,Karlstad Centralstation,368.0
32715,1074036800001,005571,20740368003279,Karlstad Centralstation,368.0
32716,1074036800001,006002,20740368026831,Karlstad Centralstation,368.0
32717,1074036800001,005640,20740368014543,Karlstad Centralstation,368.0
32718,1074036800001,005625,20740368063439,Karlstad Centralstation,368.0
32719,1074036800001,005629,20740368064207,Karlstad Centralstation,368.0
32720,1074036800001,005575,20740368051919,Karlstad Centralstation,368.0
32721,1074036800001,004335,20740368025551,Kil station,368.0
32722,1074036800001,004795,20740368017615,Kil station,368.0
32744,1074051000001,000860,20740510008577,Stockholm Centralstation,510.0
32745,1074051000001,001081,20740510006529,Stockholm Centralstation,510.0
32746,1074051000001,000851,20740510007809,Stockholm Centralstation,510.0
32747,1074051000001,006204,20740510015745,Stockholm Centralstation,510.0
32913,1074004600002,000079,20740046040557,Mora station,46.0
32914,1074004600002,001931,20740046001645,Mora station,46.0
32915,1074004600002,001213,20740046034925,Mora station,46.0
32916,1074004600002,005517,20740046032109,Mora station,46.0
32917,1074004600002,005604,20740046017517,Mora station,46.0
32918,1074004600002,001948,20740046003947,Mora station,46.0
32919,1074004600002,001163,20740046015211,Mora station,46.0
32920,1074004600002,001129,20740046047468,Mora station,46.0
32921,1074004600002,002142,20740046006251,Säter station,46.0
32922,1074004600002,001145,20740046018797,Säter station,46.0
32923,1074004600002,005597,20740046035132,Mora station,46.0
33014,1300080300001,000603,23000803001145,Köpenhamn Österport,1145.0
33015,1300080300002,000411,23000803001049,Köpenhamn Österport,1049.0
33016,1300080300003,000411,23000803001065,Köpenhamn Österport,1065.0
33017,1300080300004,000411,23000803001081,Köpenhamn Österport,1081.0
33018,1300080300005,000411,23000803001097,Köpenhamn Österport,1097.0
33019,1300080300006,000411,23000803001113,Köpenhamn Österport,1113.0
33020,1300080300007,000411,23000803001129,Köpenhamn Österport,1129.0
33021,1300080300008,000603,23000803001024,Lessebo station,1024.0
33022,1300080300009,000603,23000803001072,Lessebo station,1072.0
33023,1300080300010,000411,23000803001040,Lessebo station,1040.0
33024,1300080300011,000411,23000803001056,Lessebo station,1056.0
33025,1300080300012,000411,23000803001088,Lessebo station,1088.0
33026,1300080300013,000411,23000803001104,Lessebo station,1104.0
33027,1300080300014,000411,23000803001120,Lessebo station,1120.0
33028,1300080300009,000762,23000803010001,Lessebo station,1072.0
33029,1300080300015,000411,23000803001001,Köpenhamn Österport,1001.0
33030,1300080300016,000411,23000803001009,Köpenhamn Österport,1009.0
33031,1300080300017,000411,23000803001017,Köpenhamn Österport,1017.0
33032,1300080300018,000603,23000803001105,Köpenhamn Österport,1105.0
33033,1300080300019,000603,23000803001137,Köpenhamn Österport,1137.0
33034,1300080300020,000411,23000803001025,Köpenhamn Österport,1025.0
33035,1300080300021,000411,23000803001033,Köpenhamn Österport,1033.0
33036,1300080300022,000411,23000803001089,Köpenhamn Österport,1089.0
33037,1300080300023,000411,23000803001121,Köpenhamn Österport,1121.0
33038,1300080300024,000762,23000803001041,Köpenhamn Österport,1041.0
33039,1300080300025,000762,23000803001057,Köpenhamn Österport,1057.0
33040,1300080300026,000762,23000803001073,Köpenhamn Österport,1073.0
33041,1300080300024,000603,23000803010002,Köpenhamn Österport,1041.0
33042,1300080300025,000603,23000803010003,Köpenhamn Österport,1057.0
33043,1300080300026,000603,23000803010004,Köpenhamn Österport,1073.0
33044,1300080300018,000762,23000803010005,Köpenhamn Österport,1105.0
33045,1300080300019,000762,23000803010006,Köpenhamn Österport,1137.0
33046,1300080300027,000762,23000803001153,Copenhagen Airport,1153.0
33047,1300080300027,000603,23000803010007,Köpenhamn H,1153.0
33048,1300080300028,000411,23000803001008,Lund Centralstation,1008.0
33049,1300080300029,000411,23000803001144,Lund Centralstation,1144.0
33050,1300080300030,000603,23000803001152,Lund Centralstation,1152.0
33051,1300080300031,000603,23000803001064,Hässleholm Centralstation,1064.0
33052,1300080300032,000603,23000803001096,Hässleholm Centralstation,1096.0
33053,1300080300033,000603,23000803001112,Hässleholm Centralstation,1112.0
33054,1300080300034,000603,23000803001128,Hässleholm Centralstation,1128.0
33055,1300080300035,000411,23000803001016,Hässleholm Centralstation,1016.0
33056,1300080300036,000411,23000803001032,Hässleholm Centralstation,1032.0
33057,1300080300037,000411,23000803001048,Hässleholm Centralstation,1048.0
33058,1300080300038,000411,23000803001080,Växjö station,1080.0
33059,1300080300032,000762,23000803010008,Växjö station,1096.0
33060,1300080300033,000762,23000803010009,Växjö station,1112.0
33061,1300080300034,000762,23000803010010,Växjö station,1128.0
33062,1300080300031,000762,23000803010011,Växjö station,1064.0
33063,1300080300039,000411,23000803001136,Växjö station,1136.0
33064,1300080300040,000411,23000803001160,Lund Centralstation,1160.0
33065,1300080300024,000762,23000803001333,Köpenhamn Österport,1041.0
33066,1300080300024,000762,23000803001343,Köpenhamn Österport,1041.0
33067,1300080300024,000762,23000803001338,Hässleholm Centralstation,1041.0
33068,1300080300024,000762,23000803001334,Hässleholm Centralstation,1041.0
33069,1300080300024,000762,23000803001336,Hässleholm Centralstation,1041.0
33070,1300080300008,000762,23000803010012,Lessebo station,1024.0
33071,1300080300001,000762,23000803010013,Malmö Centralstation,1145.0
33072,1300080300030,000762,23000803010014,Lund Centralstation,1152.0
33073,1300080300015,004166,23000803010015,Köpenhamn Österport,1001.0
33074,1300080300016,004166,23000803010016,Köpenhamn Österport,1009.0
33075,1300080300017,004166,23000803010017,Köpenhamn Österport,1017.0
33076,1300080300038,004166,23000803010018,Växjö station,1080.0
33077,1300080300008,004166,23000803010019,Hässleholm Centralstation,1024.0
33078,1300080300010,004166,23000803010020,Hässleholm Centralstation,1040.0
33079,1300080300011,004166,23000803010021,Hässleholm Centralstation,1056.0
33080,1300080300009,004166,23000803010022,Hässleholm Centralstation,1072.0
33081,1300080300038,004166,23000803010023,Hässleholm Centralstation,1080.0
33082,1300080300012,004166,23000803010024,Hässleholm Centralstation,1088.0
33083,1300080300013,004166,23000803010025,Hässleholm Centralstation,1104.0
33084,1300080300014,004166,23000803010026,Hässleholm Centralstation,1120.0
33085,1300080300039,004166,23000803010027,Hässleholm Centralstation,1136.0
33086,1300080300001,004166,23000803010028,Köpenhamn Österport,1145.0
33087,1300080300020,004166,23000803010029,Köpenhamn Österport,1025.0
33088,1300080300021,004166,23000803010030,Köpenhamn Österport,1033.0
33089,1300080300022,004166,23000803010031,Köpenhamn Österport,1089.0
33090,1300080300018,004166,23000803010032,Köpenhamn Österport,1105.0
33091,1300080300023,004166,23000803010033,Köpenhamn Österport,1121.0
33092,1300080300019,004166,23000803010034,Köpenhamn Österport,1137.0
33093,1300080300024,004166,23000803010035,Alvesta station,1041.0
33094,1300080300025,004166,23000803010036,Alvesta station,1057.0
33095,1300080300026,004166,23000803010037,Alvesta station,1073.0
33096,1300080300024,004166,23000803010038,Köpenhamn Österport,1041.0
33097,1300080300002,004166,23000803010039,Köpenhamn Österport,1049.0
33098,1300080300025,004166,23000803010040,Köpenhamn Österport,1057.0
33099,1300080300003,004166,23000803010041,Köpenhamn Österport,1065.0
33100,1300080300026,004166,23000803010042,Köpenhamn Österport,1073.0
33101,1300080300004,004166,23000803010043,Köpenhamn Österport,1081.0
33102,1300080300005,004166,23000803010044,Köpenhamn Österport,1097.0
33103,1300080300006,004166,23000803010045,Köpenhamn Österport,1113.0
33104,1300080300007,004166,23000803010046,Köpenhamn Österport,1129.0
33105,1300080300027,004166,23000803010047,Köpenhamn H,1153.0
33106,1300080300028,004166,23000803010048,Lund Centralstation,1008.0
33107,1300080300029,004166,23000803010049,Lund Centralstation,1144.0
33108,1300080300030,004166,23000803010050,Lund Centralstation,1152.0
33109,1300080300008,004166,23000803010051,Kalmar Centralstation,1024.0
33110,1300080300010,004166,23000803010052,Kalmar Centralstation,1040.0
33111,1300080300011,004166,23000803010053,Kalmar Centralstation,1056.0
33112,1300080300009,004166,23000803010054,Kalmar Centralstation,1072.0
33113,1300080300012,004166,23000803010055,Kalmar Centralstation,1088.0
33114,1300080300013,004166,23000803010056,Kalmar Centralstation,1104.0
33115,1300080300014,004166,23000803010057,Kalmar Centralstation,1120.0
33116,1300080300035,004166,23000803010058,Hässleholm Centralstation,1016.0
33117,1300080300036,004166,23000803010059,Hässleholm Centralstation,1032.0
33118,1300080300037,004166,23000803010060,Hässleholm Centralstation,1048.0
33119,1300080300031,004166,23000803010061,Hässleholm Centralstation,1064.0
33120,1300080300032,004166,23000803010062,Hässleholm Centralstation,1096.0
33121,1300080300033,004166,23000803010063,Hässleholm Centralstation,1112.0
33122,1300080300034,004166,23000803010064,Hässleholm Centralstation,1128.0
33123,1300080300040,004166,23000803010065,Lund Centralstation,1160.0
33124,1300080300002,004166,23000803010066,Alvesta station,1049.0
33125,1300080300003,004166,23000803010067,Alvesta station,1065.0
33126,1300080300004,004166,23000803010068,Alvesta station,1081.0
33127,1300080300005,004166,23000803010069,Alvesta station,1097.0
33128,1300080300006,004166,23000803010070,Alvesta station,1113.0
33129,1300080300007,004166,23000803010071,Alvesta station,1129.0
33130,1300080300001,004166,23000803010072,Alvesta station,1145.0
33131,1300080300015,004247,23000803010073,Köpenhamn Österport,1001.0
33132,1300080300016,004247,23000803010074,Köpenhamn Österport,1009.0
33133,1300080300017,004247,23000803010075,Köpenhamn Österport,1017.0
33134,1300080300020,004247,23000803010076,Köpenhamn Österport,1025.0
33135,1300080300021,004247,23000803010077,Köpenhamn Österport,1033.0
33136,1300080300024,004247,23000803010078,Köpenhamn Österport,1041.0
33137,1300080300002,004247,23000803010079,Köpenhamn Österport,1049.0
33138,1300080300025,004247,23000803010080,Köpenhamn Österport,1057.0
33139,1300080300003,004247,23000803010081,Köpenhamn Österport,1065.0
33140,1300080300026,004247,23000803010082,Köpenhamn Österport,1073.0
33141,1300080300004,004247,23000803010083,Köpenhamn Österport,1081.0
33142,1300080300022,004247,23000803010084,Köpenhamn Österport,1089.0
33143,1300080300005,004247,23000803010085,Köpenhamn Österport,1097.0
33144,1300080300018,004247,23000803010086,Köpenhamn Österport,1105.0
33145,1300080300006,004247,23000803010087,Köpenhamn Österport,1113.0
33146,1300080300023,004247,23000803010088,Köpenhamn Österport,1121.0
33147,1300080300007,004247,23000803010089,Köpenhamn Österport,1129.0
33148,1300080300019,004247,23000803010090,Köpenhamn Österport,1137.0
33149,1300080300028,004247,23000803010091,Lund Centralstation,1008.0
33150,1300080300029,004247,23000803010092,Lund Centralstation,1144.0
33151,1300080300030,004247,23000803010093,Lund Centralstation,1152.0
33152,1300080300040,004247,23000803010094,Lund Centralstation,1160.0
33153,1300080300027,004247,23000803010095,Köpenhamn H,1153.0
33154,1300080300001,004247,23000803010096,Köpenhamn Österport,1145.0
33155,1300080300024,004247,23000803010097,Hässleholm Centralstation,1041.0
33156,1300080300025,004247,23000803010098,Hässleholm Centralstation,1057.0
33157,1300080300026,004247,23000803010099,Hässleholm Centralstation,1073.0
33158,1300080300002,004247,23000803010100,Hässleholm Centralstation,1049.0
33159,1300080300003,004247,23000803010101,Hässleholm Centralstation,1065.0
33160,1300080300004,004247,23000803010102,Hässleholm Centralstation,1081.0
33161,1300080300005,004247,23000803010103,Hässleholm Centralstation,1097.0
33162,1300080300006,004247,23000803010104,Hässleholm Centralstation,1113.0
33163,1300080300007,004247,23000803010105,Hässleholm Centralstation,1129.0
33164,1300080300001,004247,23000803010106,Hässleholm Centralstation,1145.0
33165,1300080300038,004247,23000803010107,Växjö station,1080.0
33166,1300080300039,004247,23000803010108,Växjö station,1136.0
33167,1300080300008,004247,23000803010109,Kalmar Centralstation,1024.0
33168,1300080300010,004247,23000803010110,Kalmar Centralstation,1040.0
33169,1300080300011,004247,23000803010111,Kalmar Centralstation,1056.0
33170,1300080300009,004247,23000803010112,Kalmar Centralstation,1072.0
33171,1300080300012,004247,23000803010113,Kalmar Centralstation,1088.0
33172,1300080300013,004247,23000803010114,Kalmar Centralstation,1104.0
33173,1300080300014,004247,23000803010115,Kalmar Centralstation,1120.0
33174,1300080300035,004247,23000803010116,Lund Centralstation,1016.0
33175,1300080300008,004247,23000803010117,Lund Centralstation,1024.0
33176,1300080300036,004247,23000803010118,Lund Centralstation,1032.0
33177,1300080300010,004247,23000803010119,Lund Centralstation,1040.0
33178,1300080300037,004247,23000803010120,Lund Centralstation,1048.0
33179,1300080300011,004247,23000803010121,Lund Centralstation,1056.0
33180,1300080300031,004247,23000803010122,Lund Centralstation,1064.0
33181,1300080300009,004247,23000803010123,Lund Centralstation,1072.0
33182,1300080300038,004247,23000803010124,Lund Centralstation,1080.0
33183,1300080300012,004247,23000803010125,Lund Centralstation,1088.0
33184,1300080300032,004247,23000803010126,Lund Centralstation,1096.0
33185,1300080300013,004247,23000803010127,Lund Centralstation,1104.0
33186,1300080300033,004247,23000803010128,Lund Centralstation,1112.0
33187,1300080300014,004247,23000803010129,Lund Centralstation,1120.0
33188,1300080300034,004247,23000803010130,Lund Centralstation,1128.0
33189,1300080300039,004247,23000803010131,Lund Centralstation,1136.0
33190,1300080300016,004028,23000803010132,Malmö Centralstation,1009.0
33191,1300080300017,004028,23000803010133,Malmö Centralstation,1017.0
33192,1300080300015,004028,23000803010134,Malmö Centralstation,1001.0
33193,1300080300028,004028,23000803010135,Lund Centralstation,1008.0
33194,1300080300040,004028,23000803010136,Lund Centralstation,1160.0
33195,1300080300008,004028,23000803010137,Kalmar Centralstation,1024.0
33196,1300080300010,004028,23000803010138,Kalmar Centralstation,1040.0
33197,1300080300011,004028,23000803010139,Kalmar Centralstation,1056.0
33198,1300080300009,004028,23000803010140,Kalmar Centralstation,1072.0
33199,1300080300002,004028,23000803010141,Malmö Centralstation,1049.0
33200,1300080300003,004028,23000803010142,Malmö Centralstation,1065.0
33201,1300080300020,004028,23000803010143,Malmö Centralstation,1025.0
33202,1300080300021,004028,23000803010144,Malmö Centralstation,1033.0
33203,1300080300024,004028,23000803010145,Malmö Centralstation,1041.0
33204,1300080300025,004028,23000803010146,Malmö Centralstation,1057.0
33205,1300080300026,004028,23000803010147,Malmö Centralstation,1073.0
33206,1300080300022,004028,23000803010148,Köpenhamn Österport,1089.0
33207,1300080300023,004028,23000803010149,Köpenhamn Österport,1121.0
33208,1300080300018,004028,23000803010150,Köpenhamn Österport,1105.0
33209,1300080300019,004028,23000803010151,Köpenhamn Österport,1137.0
33210,1300080300004,004028,23000803010152,Köpenhamn Österport,1081.0
33211,1300080300005,004028,23000803010153,Köpenhamn Österport,1097.0
33212,1300080300006,004028,23000803010154,Köpenhamn Österport,1113.0
33213,1300080300007,004028,23000803010155,Köpenhamn Österport,1129.0
33214,1300080300001,004028,23000803010156,Köpenhamn Österport,1145.0
33215,1300080300027,004028,23000803010157,Köpenhamn H,1153.0
33216,1300080300029,004028,23000803010158,Lund Centralstation,1144.0
33217,1300080300030,004028,23000803010159,Lund Centralstation,1152.0
33218,1300080300012,004028,23000803010160,Kalmar Centralstation,1088.0
33219,1300080300013,004028,23000803010161,Kalmar Centralstation,1104.0
33220,1300080300014,004028,23000803010162,Kalmar Centralstation,1120.0
33221,1300080300035,004028,23000803010163,Hässleholm Centralstation,1016.0
33222,1300080300036,004028,23000803010164,Hässleholm Centralstation,1032.0
33223,1300080300037,004028,23000803010165,Hässleholm Centralstation,1048.0
33224,1300080300038,004028,23000803010166,Växjö station,1080.0
33225,1300080300032,004028,23000803010167,Växjö station,1096.0
33226,1300080300033,004028,23000803010168,Växjö station,1112.0
33227,1300080300034,004028,23000803010169,Växjö station,1128.0
33228,1300080300039,004028,23000803010170,Växjö station,1136.0
33229,1300080300031,004028,23000803010171,Växjö station,1064.0
33230,1300080300004,004035,23000803010172,Malmö Centralstation,1081.0
33231,1300080300005,004035,23000803010173,Malmö Centralstation,1097.0
33232,1300080300006,004035,23000803010174,Malmö Centralstation,1113.0
33233,1300080300007,004035,23000803010175,Malmö Centralstation,1129.0
33234,1300080300001,004035,23000803010176,Malmö Centralstation,1145.0
33235,1300080300012,004035,23000803010177,Kalmar Centralstation,1088.0
33236,1300080300013,004035,23000803010178,Kalmar Centralstation,1104.0
33237,1300080300014,004035,23000803010179,Kalmar Centralstation,1120.0
33238,1300080300038,004035,23000803010180,Växjö station,1080.0
33239,1300080300039,004035,23000803010181,Växjö station,1136.0
33240,1300080300022,004035,23000803010182,Malmö Centralstation,1089.0
33241,1300080300018,004035,23000803010183,Malmö Centralstation,1105.0
33242,1300080300023,004035,23000803010184,Malmö Centralstation,1121.0
33243,1300080300019,004035,23000803010185,Malmö Centralstation,1137.0
33244,1300080300027,004035,23000803010186,Malmö Centralstation,1153.0
33245,1300080300015,004035,23000803010187,Köpenhamn Österport,1001.0
33246,1300080300016,004035,23000803010188,Köpenhamn Österport,1009.0
33247,1300080300017,004035,23000803010189,Köpenhamn Österport,1017.0
33248,1300080300020,004035,23000803010190,Köpenhamn Österport,1025.0
33249,1300080300021,004035,23000803010191,Köpenhamn Österport,1033.0
33250,1300080300024,004035,23000803010192,Köpenhamn Österport,1041.0
33251,1300080300025,004035,23000803010193,Köpenhamn Österport,1057.0
33252,1300080300026,004035,23000803010194,Köpenhamn Österport,1073.0
33253,1300080300002,004035,23000803010195,Köpenhamn Österport,1049.0
33254,1300080300003,004035,23000803010196,Köpenhamn Österport,1065.0
33255,1300080300028,004035,23000803010197,Lund Centralstation,1008.0
33256,1300080300008,004035,23000803010198,Kalmar Centralstation,1024.0
33257,1300080300010,004035,23000803010199,Kalmar Centralstation,1040.0
33258,1300080300011,004035,23000803010200,Kalmar Centralstation,1056.0
33259,1300080300009,004035,23000803010201,Kalmar Centralstation,1072.0
33260,1300080300035,004035,23000803010202,Hässleholm Centralstation,1016.0
33261,1300080300036,004035,23000803010203,Hässleholm Centralstation,1032.0
33262,1300080300037,004035,23000803010204,Hässleholm Centralstation,1048.0
33263,1300080300031,004035,23000803010205,Hässleholm Centralstation,1064.0
33264,1300080300029,004035,23000803010206,Lund Centralstation,1144.0
33265,1300080300030,004035,23000803010207,Lund Centralstation,1152.0
33266,1300080300032,004035,23000803010208,Hässleholm Centralstation,1096.0
33267,1300080300033,004035,23000803010209,Hässleholm Centralstation,1112.0
33268,1300080300034,004035,23000803010210,Hässleholm Centralstation,1128.0
33269,1300080300040,004035,23000803010211,Lund Centralstation,1160.0
33270,1300080300006,004136,23000803010212,Köpenhamn Österport,1113.0
33271,1300080300023,004136,23000803010213,Köpenhamn Österport,1121.0
33272,1300080300007,004136,23000803010214,Köpenhamn Österport,1129.0
33273,1300080300019,004136,23000803010215,Köpenhamn Österport,1137.0
33274,1300080300001,004136,23000803010216,Köpenhamn Österport,1145.0
33275,1300080300020,004140,23000803010217,Köpenhamn Österport,1025.0
33276,1300080300021,004140,23000803010218,Köpenhamn Österport,1033.0
33277,1300080300024,004140,23000803010219,Köpenhamn Österport,1041.0
33278,1300080300002,004140,23000803010220,Köpenhamn Österport,1049.0
33279,1300080300025,004140,23000803010221,Köpenhamn Österport,1057.0
33280,1300080300003,004140,23000803010222,Köpenhamn Österport,1065.0
33281,1300080300026,004140,23000803010223,Köpenhamn Österport,1073.0
33282,1300080300004,004140,23000803010224,Köpenhamn Österport,1081.0
33283,1300080300022,004140,23000803010225,Köpenhamn Österport,1089.0
33284,1300080300005,004140,23000803010226,Köpenhamn Österport,1097.0
33285,1300080300018,004140,23000803010227,Köpenhamn Österport,1105.0
33286,1300080300039,004135,23000803010228,Växjö station,1136.0
33287,1300080300031,004135,23000803010229,Växjö station,1064.0
33288,1300080300038,004140,23000803010230,Växjö station,1080.0
33289,1300080300039,004136,23000803010231,Växjö station,1136.0
33290,1300080300006,004135,23000803010232,Köpenhamn Österport,1113.0
33291,1300080300007,004135,23000803010233,Köpenhamn Österport,1129.0
33292,1300080300001,004135,23000803010234,Köpenhamn Österport,1145.0
33293,1300080300015,004140,23000803010235,Köpenhamn Österport,1001.0
33294,1300080300016,004140,23000803010236,Köpenhamn Österport,1009.0
33295,1300080300017,004140,23000803010237,Köpenhamn Österport,1017.0
33296,1300080300006,004136,23000803010238,Hässleholm Centralstation,1113.0
33297,1300080300007,004136,23000803010239,Hässleholm Centralstation,1129.0
33298,1300080300001,004136,23000803010240,Hässleholm Centralstation,1145.0
33299,1300080300002,004140,23000803010241,Hässleholm Centralstation,1049.0
33300,1300080300003,004140,23000803010242,Hässleholm Centralstation,1065.0
33301,1300080300004,004140,23000803010243,Hässleholm Centralstation,1081.0
33302,1300080300005,004140,23000803010244,Hässleholm Centralstation,1097.0
33303,1300080300019,004135,23000803010245,Köpenhamn Österport,1137.0
33304,1300080300024,004136,23000803010246,Hässleholm Centralstation,1041.0
33305,1300080300025,004136,23000803010247,Hässleholm Centralstation,1057.0
33306,1300080300026,004136,23000803010248,Hässleholm Centralstation,1073.0
33307,1300080300018,004135,23000803010249,Hässleholm Centralstation,1105.0
33308,1300080300027,004135,23000803010250,Köpenhamn H,1153.0
33309,1300080300023,004135,23000803010251,Köpenhamn Österport,1121.0
33310,1300080300027,004136,23000803010252,Köpenhamn H,1153.0
33311,1300080300028,004140,23000803010253,Lund Centralstation,1008.0
33312,1300080300029,004140,23000803010254,Lund Centralstation,1144.0
33313,1300080300030,004136,23000803010255,Lund Centralstation,1152.0
33314,1300080300009,004135,23000803010256,Kalmar Centralstation,1072.0
33315,1300080300009,004136,23000803010257,Kalmar Centralstation,1072.0
33316,1300080300013,004136,23000803010258,Kalmar Centralstation,1104.0
33317,1300080300014,004136,23000803010259,Kalmar Centralstation,1120.0
33318,1300080300008,004140,23000803010260,Kalmar Centralstation,1024.0
33319,1300080300010,004140,23000803010261,Kalmar Centralstation,1040.0
33320,1300080300011,004140,23000803010262,Kalmar Centralstation,1056.0
33321,1300080300012,004140,23000803010263,Kalmar Centralstation,1088.0
33322,1300080300013,004135,23000803010264,Kalmar Centralstation,1104.0
33323,1300080300014,004135,23000803010265,Kalmar Centralstation,1120.0
33324,1300080300033,004135,23000803010266,Växjö station,1112.0
33325,1300080300034,004135,23000803010267,Växjö station,1128.0
33326,1300080300013,004136,23000803010268,Lund Centralstation,1104.0
33327,1300080300033,004136,23000803010269,Lund Centralstation,1112.0
33328,1300080300014,004136,23000803010270,Lund Centralstation,1120.0
33329,1300080300034,004136,23000803010271,Lund Centralstation,1128.0
33330,1300080300039,004136,23000803010272,Lund Centralstation,1136.0
33331,1300080300035,004140,23000803010273,Lund Centralstation,1016.0
33332,1300080300008,004140,23000803010274,Lund Centralstation,1024.0
33333,1300080300036,004140,23000803010275,Lund Centralstation,1032.0
33334,1300080300010,004140,23000803010276,Lund Centralstation,1040.0
33335,1300080300037,004140,23000803010277,Lund Centralstation,1048.0
33336,1300080300011,004140,23000803010278,Lund Centralstation,1056.0
33337,1300080300031,004140,23000803010279,Lund Centralstation,1064.0
33338,1300080300009,004140,23000803010280,Lund Centralstation,1072.0
33339,1300080300038,004140,23000803010281,Lund Centralstation,1080.0
33340,1300080300012,004140,23000803010282,Lund Centralstation,1088.0
33341,1300080300032,004140,23000803010283,Lund Centralstation,1096.0
33342,1300080300040,004140,23000803010284,Lund Centralstation,1160.0
33343,1300080300030,004135,23000803010285,Malmö Centralstation,1152.0
33344,1300080300032,004135,23000803010286,Växjö station,1096.0
33345,1300080300031,004356,23000803010287,Växjö station,1064.0
33346,1300080300038,004356,23000803010288,Växjö station,1080.0
33347,1300080300008,004356,23000803010289,Kalmar Centralstation,1024.0
33348,1300080300010,004356,23000803010290,Kalmar Centralstation,1040.0
33349,1300080300011,004356,23000803010291,Kalmar Centralstation,1056.0
33350,1300080300012,004356,23000803010292,Kalmar Centralstation,1088.0
33351,1300080300009,004356,23000803010293,Kalmar Centralstation,1072.0
33352,1300080300020,004356,23000803010294,Köpenhamn Österport,1025.0
33353,1300080300021,004356,23000803010295,Köpenhamn Österport,1033.0
33354,1300080300024,004356,23000803010296,Köpenhamn Österport,1041.0
33355,1300080300002,004356,23000803010297,Köpenhamn Österport,1049.0
33356,1300080300025,004356,23000803010298,Köpenhamn Österport,1057.0
33357,1300080300003,004356,23000803010299,Köpenhamn Österport,1065.0
33358,1300080300026,004356,23000803010300,Köpenhamn Österport,1073.0
33359,1300080300004,004356,23000803010301,Köpenhamn Österport,1081.0
33360,1300080300022,004356,23000803010302,Köpenhamn Österport,1089.0
33361,1300080300005,004356,23000803010303,Köpenhamn Österport,1097.0
33362,1300080300018,004356,23000803010304,Köpenhamn Österport,1105.0
33363,1300080300015,004356,23000803010305,Köpenhamn Österport,1001.0
33364,1300080300016,004356,23000803010306,Köpenhamn Österport,1009.0
33365,1300080300017,004356,23000803010307,Köpenhamn Österport,1017.0
33366,1300080300006,004356,23000803010308,Köpenhamn Österport,1113.0
33367,1300080300007,004356,23000803010309,Köpenhamn Österport,1129.0
33368,1300080300001,004356,23000803010310,Köpenhamn Österport,1145.0
33369,1300080300019,004356,23000803010311,Köpenhamn Österport,1137.0
33370,1300080300018,004356,23000803010312,Hässleholm Centralstation,1105.0
33371,1300080300027,004356,23000803010313,Köpenhamn H,1153.0
33372,1300080300002,004356,23000803010314,Hässleholm Centralstation,1049.0
33373,1300080300003,004356,23000803010315,Hässleholm Centralstation,1065.0
33374,1300080300004,004356,23000803010316,Hässleholm Centralstation,1081.0
33375,1300080300005,004356,23000803010317,Hässleholm Centralstation,1097.0
33376,1300080300023,004356,23000803010318,Köpenhamn Österport,1121.0
33377,1300080300028,004356,23000803010319,Lund Centralstation,1008.0
33378,1300080300029,004356,23000803010320,Lund Centralstation,1144.0
33379,1300080300013,004356,23000803010321,Kalmar Centralstation,1104.0
33380,1300080300014,004356,23000803010322,Kalmar Centralstation,1120.0
33381,1300080300035,004356,23000803010323,Lund Centralstation,1016.0
33382,1300080300008,004356,23000803010324,Lund Centralstation,1024.0
33383,1300080300036,004356,23000803010325,Lund Centralstation,1032.0
33384,1300080300010,004356,23000803010326,Lund Centralstation,1040.0
33385,1300080300037,004356,23000803010327,Lund Centralstation,1048.0
33386,1300080300011,004356,23000803010328,Lund Centralstation,1056.0
33387,1300080300031,004356,23000803010329,Lund Centralstation,1064.0
33388,1300080300009,004356,23000803010330,Lund Centralstation,1072.0
33389,1300080300038,004356,23000803010331,Lund Centralstation,1080.0
33390,1300080300012,004356,23000803010332,Lund Centralstation,1088.0
33391,1300080300032,004356,23000803010333,Lund Centralstation,1096.0
33392,1300080300033,004356,23000803010334,Växjö station,1112.0
33393,1300080300034,004356,23000803010335,Växjö station,1128.0
33394,1300080300039,004356,23000803010336,Växjö station,1136.0
33395,1300080300040,004356,23000803010337,Lund Centralstation,1160.0
33396,1300080300032,004356,23000803010338,Växjö station,1096.0
33397,1300080300030,004356,23000803010339,Malmö Centralstation,1152.0
33398,1300080300002,005060,23000803010340,Köpenhamn Österport,1049.0
33399,1300080300003,005060,23000803010341,Köpenhamn Österport,1065.0
33400,1300080300004,005060,23000803010342,Köpenhamn Österport,1081.0
33401,1300080300005,005060,23000803010343,Köpenhamn Österport,1097.0
33402,1300080300006,005060,23000803010344,Köpenhamn Österport,1113.0
33403,1300080300007,005060,23000803010345,Köpenhamn Österport,1129.0
33404,1300080300001,005060,23000803010346,Köpenhamn Österport,1145.0
33405,1300080300008,005060,23000803010347,Hässleholm Centralstation,1024.0
33406,1300080300010,005060,23000803010348,Hässleholm Centralstation,1040.0
33407,1300080300011,005060,23000803010349,Hässleholm Centralstation,1056.0
33408,1300080300009,005060,23000803010350,Hässleholm Centralstation,1072.0
33409,1300080300038,005060,23000803010351,Hässleholm Centralstation,1080.0
33410,1300080300012,005060,23000803010352,Hässleholm Centralstation,1088.0
33411,1300080300013,005060,23000803010353,Hässleholm Centralstation,1104.0
33412,1300080300014,005060,23000803010354,Hässleholm Centralstation,1120.0
33413,1300080300039,005060,23000803010355,Hässleholm Centralstation,1136.0
33414,1300080300009,003762,23000803010356,Kalmar Centralstation,1072.0
33415,1300080300009,003744,23000803010357,Kalmar Centralstation,1072.0
33416,1300080300008,005060,23000803010358,Kalmar Centralstation,1024.0
33417,1300080300010,005060,23000803010359,Kalmar Centralstation,1040.0
33418,1300080300011,005060,23000803010360,Kalmar Centralstation,1056.0
33419,1300080300012,005060,23000803010361,Kalmar Centralstation,1088.0
33420,1300080300013,005060,23000803010362,Kalmar Centralstation,1104.0
33421,1300080300014,005060,23000803010363,Kalmar Centralstation,1120.0
33422,1300080300002,005060,23000803010364,Alvesta station,1049.0
33423,1300080300003,005060,23000803010365,Alvesta station,1065.0
33424,1300080300004,005060,23000803010366,Alvesta station,1081.0
33425,1300080300005,005060,23000803010367,Alvesta station,1097.0
33426,1300080300006,005060,23000803010368,Alvesta station,1113.0
33427,1300080300007,005060,23000803010369,Alvesta station,1129.0
33428,1300080300001,005060,23000803010370,Alvesta station,1145.0
33429,1300080300015,005060,23000803010371,Köpenhamn Österport,1001.0
33430,1300080300016,005060,23000803010372,Köpenhamn Österport,1009.0
33431,1300080300017,005060,23000803010373,Köpenhamn Österport,1017.0
33432,1300080300020,005060,23000803010374,Köpenhamn Österport,1025.0
33433,1300080300021,005060,23000803010375,Köpenhamn Österport,1033.0
33434,1300080300024,005060,23000803010376,Köpenhamn Österport,1041.0
33435,1300080300025,005060,23000803010377,Köpenhamn Österport,1057.0
33436,1300080300026,005060,23000803010378,Köpenhamn Österport,1073.0
33437,1300080300022,005060,23000803010379,Köpenhamn Österport,1089.0
33438,1300080300018,005060,23000803010380,Köpenhamn Österport,1105.0
33439,1300080300023,005060,23000803010381,Köpenhamn Österport,1121.0
33440,1300080300019,005060,23000803010382,Köpenhamn Österport,1137.0
33441,1300080300024,003744,23000803010383,Alvesta station,1041.0
33442,1300080300025,003744,23000803010384,Alvesta station,1057.0
33443,1300080300026,003744,23000803010385,Alvesta station,1073.0
33444,1300080300018,003762,23000803010386,Alvesta station,1105.0
33445,1300080300019,003762,23000803010387,Alvesta station,1137.0
33446,1300080300027,003762,23000803010388,Alvesta station,1153.0
33447,1300080300027,005060,23000803010389,Köpenhamn H,1153.0
33448,1300080300028,005060,23000803010390,Lund Centralstation,1008.0
33449,1300080300029,005060,23000803010391,Lund Centralstation,1144.0
33450,1300080300030,005060,23000803010392,Lund Centralstation,1152.0
33451,1300080300038,005060,23000803010393,Växjö station,1080.0
33452,1300080300039,005060,23000803010394,Växjö station,1136.0
33453,1300080300031,003762,23000803010395,Växjö station,1064.0
33454,1300080300032,003762,23000803010396,Växjö station,1096.0
33455,1300080300033,003762,23000803010397,Växjö station,1112.0
33456,1300080300034,003762,23000803010398,Växjö station,1128.0
33457,1300080300035,005060,23000803010399,Hässleholm Centralstation,1016.0
33458,1300080300036,005060,23000803010400,Hässleholm Centralstation,1032.0
33459,1300080300037,005060,23000803010401,Hässleholm Centralstation,1048.0
33460,1300080300031,005060,23000803010402,Hässleholm Centralstation,1064.0
33461,1300080300032,005060,23000803010403,Hässleholm Centralstation,1096.0
33462,1300080300033,005060,23000803010404,Hässleholm Centralstation,1112.0
33463,1300080300034,005060,23000803010405,Hässleholm Centralstation,1128.0
33464,1300080300040,003744,23000803010406,Lund Centralstation,1160.0
33465,1300080300040,003762,23000803010407,Malmö Centralstation,1160.0
33466,1300080300038,001073,23000803010408,Växjö station,1080.0
33467,1300080300031,000858,23000803010409,Växjö station,1064.0
33468,1300080300032,000858,23000803010410,Växjö station,1096.0
33469,1300080300033,000858,23000803010411,Växjö station,1112.0
33470,1300080300007,000144,23000803010412,Köpenhamn Österport,1129.0
33471,1300080300001,000144,23000803010413,Köpenhamn Österport,1145.0
33472,1300080300002,001073,23000803010414,Köpenhamn Österport,1049.0
33473,1300080300003,001073,23000803010415,Köpenhamn Österport,1065.0
33474,1300080300004,001073,23000803010416,Köpenhamn Österport,1081.0
33475,1300080300006,001073,23000803010417,Köpenhamn Österport,1113.0
33476,1300080300015,001073,23000803010418,Köpenhamn Österport,1001.0
33477,1300080300016,001073,23000803010419,Köpenhamn Österport,1009.0
33478,1300080300017,001073,23000803010420,Köpenhamn Österport,1017.0
33479,1300080300023,000144,23000803010421,Köpenhamn Österport,1121.0
33480,1300080300019,000144,23000803010422,Köpenhamn Österport,1137.0
33481,1300080300025,001073,23000803010423,Köpenhamn Österport,1057.0
33482,1300080300022,001073,23000803010424,Köpenhamn Österport,1089.0
33483,1300080300018,001073,23000803010425,Köpenhamn Österport,1105.0
33484,1300080300002,001073,23000803010426,Alvesta station,1049.0
33485,1300080300003,001073,23000803010427,Alvesta station,1065.0
33486,1300080300004,001073,23000803010428,Alvesta station,1081.0
33487,1300080300005,001073,23000803010429,Alvesta station,1097.0
33488,1300080300006,001073,23000803010430,Alvesta station,1113.0
33489,1300080300007,001073,23000803010431,Alvesta station,1129.0
33490,1300080300001,001073,23000803010432,Alvesta station,1145.0
33491,1300080300024,000144,23000803010433,Alvesta station,1041.0
33492,1300080300025,000144,23000803010434,Alvesta station,1057.0
33493,1300080300026,000144,23000803010435,Alvesta station,1073.0
33494,1300080300018,000858,23000803010436,Alvesta station,1105.0
33495,1300080300019,000858,23000803010437,Alvesta station,1137.0
33496,1300080300027,000858,23000803010438,Alvesta station,1153.0
33497,1300080300027,000144,23000803010439,Köpenhamn H,1153.0
33498,1300080300029,000144,23000803010440,Lund Centralstation,1144.0
33499,1300080300028,001073,23000803010441,Lund Centralstation,1008.0
33500,1300080300030,000144,23000803010442,Lund Centralstation,1152.0
33501,1300080300009,000144,23000803010443,Kalmar Centralstation,1072.0
33502,1300080300008,001073,23000803010444,Kalmar Centralstation,1024.0
33503,1300080300010,001073,23000803010445,Kalmar Centralstation,1040.0
33504,1300080300011,001073,23000803010446,Kalmar Centralstation,1056.0
33505,1300080300012,001073,23000803010447,Kalmar Centralstation,1088.0
33506,1300080300013,001073,23000803010448,Kalmar Centralstation,1104.0
33507,1300080300014,001073,23000803010449,Kalmar Centralstation,1120.0
33508,1300080300009,000858,23000803010450,Kalmar Centralstation,1072.0
33509,1300080300033,000144,23000803010451,Hässleholm Centralstation,1112.0
33510,1300080300034,000144,23000803010452,Hässleholm Centralstation,1128.0
33511,1300080300035,001073,23000803010453,Hässleholm Centralstation,1016.0
33512,1300080300036,001073,23000803010454,Hässleholm Centralstation,1032.0
33513,1300080300037,001073,23000803010455,Hässleholm Centralstation,1048.0
33514,1300080300031,001073,23000803010456,Hässleholm Centralstation,1064.0
33515,1300080300032,001073,23000803010457,Hässleholm Centralstation,1096.0
33516,1300080300014,000144,23000803010458,Hässleholm Centralstation,1120.0
33517,1300080300039,000144,23000803010459,Hässleholm Centralstation,1136.0
33518,1300080300008,001073,23000803010460,Hässleholm Centralstation,1024.0
33519,1300080300010,001073,23000803010461,Hässleholm Centralstation,1040.0
33520,1300080300011,001073,23000803010462,Hässleholm Centralstation,1056.0
33521,1300080300009,001073,23000803010463,Hässleholm Centralstation,1072.0
33522,1300080300012,001073,23000803010464,Hässleholm Centralstation,1088.0
33523,1300080300013,001073,23000803010465,Hässleholm Centralstation,1104.0
33524,1300080300040,001073,23000803010466,Lund Centralstation,1160.0
33525,1300080300023,000858,23000803010467,Köpenhamn Österport,1121.0
33526,1300080300007,000858,23000803010468,Köpenhamn Österport,1129.0
33527,1300080300019,000858,23000803010469,Köpenhamn Österport,1137.0
33528,1300080300001,000858,23000803010470,Köpenhamn Österport,1145.0
33529,1300080300027,000858,23000803010471,Köpenhamn H,1153.0
33530,1300080300023,000858,23000803010472,Lund Centralstation,1121.0
33531,1300080300007,000858,23000803010473,Lund Centralstation,1129.0
33532,1300080300019,000858,23000803010474,Lund Centralstation,1137.0
33533,1300080300001,000858,23000803010475,Lund Centralstation,1145.0
33534,1300080300027,000858,23000803010476,Lund Centralstation,1153.0
33535,1300080300033,000858,23000803010477,Hässleholm Centralstation,1112.0
33536,1300080300014,000858,23000803010478,Hässleholm Centralstation,1120.0
33537,1300080300034,000858,23000803010479,Hässleholm Centralstation,1128.0
33538,1300080300039,000858,23000803010480,Hässleholm Centralstation,1136.0
33539,1300080300030,000858,23000803010481,Malmö Centralstation,1152.0
33540,1300080300033,000858,23000803010482,Malmö Centralstation,1112.0
33541,1300080300014,000858,23000803010483,Malmö Centralstation,1120.0
33542,1300080300034,000858,23000803010484,Malmö Centralstation,1128.0
33543,1300080300039,000858,23000803010485,Malmö Centralstation,1136.0
33544,1300080300005,001073,23000803010486,Malmö Centralstation,1097.0
33545,1300080300024,000858,23000803010487,Köpenhamn Österport,1041.0
33546,1300080300024,000144,23000803010488,Malmö Centralstation,1041.0
33547,1300080300021,000858,23000803010489,Köpenhamn Österport,1033.0
33548,1300080300021,000144,23000803010490,Malmö Centralstation,1033.0
33549,1300080300020,000858,23000803010491,Köpenhamn Österport,1025.0
33550,1300080300020,000144,23000803010492,Malmö Centralstation,1025.0
33551,1300080300026,000144,23000803010493,Malmö Centralstation,1073.0
33552,1300080300026,000858,23000803010494,Köpenhamn Österport,1073.0
33553,1300080300038,001073,23000803010495,Hässleholm Centralstation,1080.0
33554,1300080300018,005088,23000803010496,Alvesta station,1105.0
33555,1300080300019,005088,23000803010497,Alvesta station,1137.0
33556,1300080300027,005088,23000803010498,Alvesta station,1153.0
33557,1300080300008,005088,23000803010499,Hässleholm Centralstation,1024.0
33558,1300080300010,005088,23000803010500,Hässleholm Centralstation,1040.0
33559,1300080300011,005088,23000803010501,Hässleholm Centralstation,1056.0
33560,1300080300009,005088,23000803010502,Hässleholm Centralstation,1072.0
33561,1300080300038,005088,23000803010503,Hässleholm Centralstation,1080.0
33562,1300080300012,005088,23000803010504,Hässleholm Centralstation,1088.0
33563,1300080300013,005088,23000803010505,Hässleholm Centralstation,1104.0
33564,1300080300014,005088,23000803010506,Hässleholm Centralstation,1120.0
33565,1300080300039,005088,23000803010507,Hässleholm Centralstation,1136.0
33566,1300080300009,005088,23000803010508,Kalmar Centralstation,1072.0
33567,1300080300008,005088,23000803010509,Kalmar Centralstation,1024.0
33568,1300080300010,005088,23000803010510,Kalmar Centralstation,1040.0
33569,1300080300011,005088,23000803010511,Kalmar Centralstation,1056.0
33570,1300080300012,005088,23000803010512,Kalmar Centralstation,1088.0
33571,1300080300013,005088,23000803010513,Kalmar Centralstation,1104.0
33572,1300080300014,005088,23000803010514,Kalmar Centralstation,1120.0
33573,1300080300002,005088,23000803010515,Alvesta station,1049.0
33574,1300080300003,005088,23000803010516,Alvesta station,1065.0
33575,1300080300004,005088,23000803010517,Alvesta station,1081.0
33576,1300080300005,005088,23000803010518,Alvesta station,1097.0
33577,1300080300006,005088,23000803010519,Alvesta station,1113.0
33578,1300080300007,005088,23000803010520,Alvesta station,1129.0
33579,1300080300001,005088,23000803010521,Alvesta station,1145.0
33580,1300080300015,005088,23000803010522,Köpenhamn Österport,1001.0
33581,1300080300016,005088,23000803010523,Köpenhamn Österport,1009.0
33582,1300080300017,005088,23000803010524,Köpenhamn Österport,1017.0
33583,1300080300020,005088,23000803010525,Köpenhamn Österport,1025.0
33584,1300080300021,005088,23000803010526,Köpenhamn Österport,1033.0
33585,1300080300024,005088,23000803010527,Köpenhamn Österport,1041.0
33586,1300080300025,005088,23000803010528,Köpenhamn Österport,1057.0
33587,1300080300026,005088,23000803010529,Köpenhamn Österport,1073.0
33588,1300080300022,005088,23000803010530,Köpenhamn Österport,1089.0
33589,1300080300018,005088,23000803010531,Köpenhamn Österport,1105.0
33590,1300080300023,005088,23000803010532,Köpenhamn Österport,1121.0
33591,1300080300019,005088,23000803010533,Köpenhamn Österport,1137.0
33592,1300080300002,005088,23000803010534,Köpenhamn Österport,1049.0
33593,1300080300003,005088,23000803010535,Köpenhamn Österport,1065.0
33594,1300080300004,005088,23000803010536,Köpenhamn Österport,1081.0
33595,1300080300005,005088,23000803010537,Köpenhamn Österport,1097.0
33596,1300080300006,005088,23000803010538,Köpenhamn Österport,1113.0
33597,1300080300007,005088,23000803010539,Köpenhamn Österport,1129.0
33598,1300080300001,005088,23000803010540,Köpenhamn Österport,1145.0
33599,1300080300027,005088,23000803010541,Köpenhamn H,1153.0
33600,1300080300028,005088,23000803010542,Lund Centralstation,1008.0
33601,1300080300029,005088,23000803010543,Lund Centralstation,1144.0
33602,1300080300030,005088,23000803010544,Lund Centralstation,1152.0
33603,1300080300038,005088,23000803010545,Växjö station,1080.0
33604,1300080300031,005088,23000803010546,Växjö station,1064.0
33605,1300080300032,005088,23000803010547,Växjö station,1096.0
33606,1300080300033,005088,23000803010548,Växjö station,1112.0
33607,1300080300035,005088,23000803010549,Hässleholm Centralstation,1016.0
33608,1300080300036,005088,23000803010550,Hässleholm Centralstation,1032.0
33609,1300080300037,005088,23000803010551,Hässleholm Centralstation,1048.0
33610,1300080300031,005088,23000803010552,Hässleholm Centralstation,1064.0
33611,1300080300032,005088,23000803010553,Hässleholm Centralstation,1096.0
33612,1300080300033,005088,23000803010554,Hässleholm Centralstation,1112.0
33613,1300080300034,005088,23000803010555,Hässleholm Centralstation,1128.0
33614,1300080300040,005088,23000803010556,Lund Centralstation,1160.0
33615,1300080300030,006602,23000803010557,Malmö Centralstation,1152.0
33616,1300080300015,006639,23000803010558,Köpenhamn Österport,1001.0
33617,1300080300016,006640,23000803010559,Köpenhamn Österport,1009.0
33618,1300080300017,006641,23000803010560,Köpenhamn Österport,1017.0
33619,1300080300018,000022,23000803010561,Köpenhamn Österport,1105.0
33620,1300080300019,000022,23000803010562,Köpenhamn Österport,1137.0
33621,1300080300020,006642,23000803010563,Köpenhamn Österport,1025.0
33622,1300080300022,006642,23000803010564,Köpenhamn Österport,1089.0
33623,1300080300018,006643,23000803010565,Köpenhamn Österport,1105.0
33624,1300080300019,006643,23000803010566,Köpenhamn Österport,1137.0
33625,1300080300024,006644,23000803010567,Köpenhamn Österport,1041.0
33626,1300080300025,006645,23000803010568,Köpenhamn Österport,1057.0
33627,1300080300026,006645,23000803010569,Köpenhamn Österport,1073.0
33628,1300080300023,006646,23000803010570,Köpenhamn Österport,1121.0
33629,1300080300021,006647,23000803010571,Köpenhamn Österport,1033.0
33630,1300080300024,000022,23000803010572,Köpenhamn Österport,1041.0
33631,1300080300025,000022,23000803010573,Köpenhamn Österport,1057.0
33632,1300080300026,000022,23000803010574,Köpenhamn Österport,1073.0
33633,1300080300020,001278,23000803010575,Köpenhamn Österport,1025.0
33634,1300080300021,001278,23000803010576,Köpenhamn Österport,1033.0
33635,1300080300022,001278,23000803010577,Köpenhamn Österport,1089.0
33636,1300080300023,001278,23000803010578,Köpenhamn Österport,1121.0
33637,1300080300018,006644,23000803010579,Köpenhamn Österport,1105.0
33638,1300080300019,006649,23000803010580,Köpenhamn Österport,1137.0
33639,1300080300024,006650,23000803010581,Köpenhamn Österport,1041.0
33640,1300080300025,006650,23000803010582,Köpenhamn Österport,1057.0
33641,1300080300026,006651,23000803010583,Köpenhamn Österport,1073.0
33642,1300080300003,006638,23000803010584,Köpenhamn Österport,1065.0
33643,1300080300004,006638,23000803010585,Köpenhamn Österport,1081.0
33644,1300080300024,001278,23000803010586,Köpenhamn Österport,1041.0
33645,1300080300006,006653,23000803010587,Köpenhamn Österport,1113.0
33646,1300080300007,006654,23000803010588,Köpenhamn Österport,1129.0
33647,1300080300002,006638,23000803010589,Köpenhamn Österport,1049.0
33648,1300080300025,006655,23000803010590,Köpenhamn Österport,1057.0
33649,1300080300019,006656,23000803010591,Köpenhamn Österport,1137.0
33650,1300080300001,006657,23000803010592,Köpenhamn Österport,1145.0
33651,1300080300018,006658,23000803010593,Köpenhamn Österport,1105.0
33652,1300080300005,006659,23000803010594,Köpenhamn Österport,1097.0
33653,1300080300027,006660,23000803010595,Köpenhamn H,1153.0
33654,1300080300027,000022,23000803010596,Köpenhamn H,1153.0
33655,1300080300027,006643,23000803010597,Köpenhamn H,1153.0
33656,1300080300027,006661,23000803010598,Köpenhamn H,1153.0
33657,1300080300028,006646,23000803010599,Lund Centralstation,1008.0
33658,1300080300029,006662,23000803010600,Lund Centralstation,1144.0
33659,1300080300030,006663,23000803010601,Lund Centralstation,1152.0
33660,1300080300011,006638,23000803010602,Kalmar Centralstation,1056.0
33661,1300080300012,006638,23000803010603,Kalmar Centralstation,1088.0
33662,1300080300028,001278,23000803010604,Kalmar Centralstation,1008.0
33663,1300080300008,001278,23000803010605,Kalmar Centralstation,1024.0
33664,1300080300031,001278,23000803010606,Kalmar Centralstation,1064.0
33665,1300080300038,001278,23000803010607,Kalmar Centralstation,1080.0
33666,1300080300008,006642,23000803010608,Kalmar Centralstation,1024.0
33667,1300080300009,006664,23000803010609,Kalmar Centralstation,1072.0
33668,1300080300009,002462,23000803010610,Kalmar Centralstation,1072.0
33669,1300080300013,006665,23000803010611,Kalmar Centralstation,1104.0
33670,1300080300014,006665,23000803010612,Kalmar Centralstation,1120.0
33671,1300080300036,006658,23000803010613,Kalmar Centralstation,1032.0
33672,1300080300010,006641,23000803010614,Kalmar Centralstation,1040.0
33673,1300080300009,006666,23000803010615,Kalmar Centralstation,1072.0
33674,1300080300031,000022,23000803010616,Hässleholm Centralstation,1064.0
33675,1300080300032,000022,23000803010617,Hässleholm Centralstation,1096.0
33676,1300080300033,000022,23000803010618,Hässleholm Centralstation,1112.0
33677,1300080300034,000022,23000803010619,Hässleholm Centralstation,1128.0
33678,1300080300035,006642,23000803010620,Hässleholm Centralstation,1016.0
33679,1300080300036,006642,23000803010621,Hässleholm Centralstation,1032.0
33680,1300080300037,006642,23000803010622,Hässleholm Centralstation,1048.0
33681,1300080300031,006643,23000803010623,Hässleholm Centralstation,1064.0
33682,1300080300032,006643,23000803010624,Hässleholm Centralstation,1096.0
33683,1300080300033,006643,23000803010625,Hässleholm Centralstation,1112.0
33684,1300080300034,006643,23000803010626,Hässleholm Centralstation,1128.0
33685,1300080300029,006668,23000803010627,Hässleholm Centralstation,1144.0
33686,1300080300035,001278,23000803010628,Växjö station,1016.0
33687,1300080300037,001278,23000803010629,Växjö station,1048.0
33688,1300080300032,006669,23000803010630,Växjö station,1096.0
33689,1300080300033,006669,23000803010631,Växjö station,1112.0
33690,1300080300034,006670,23000803010632,Växjö station,1128.0
33691,1300080300038,006671,23000803010633,Växjö station,1080.0
33692,1300080300031,006644,23000803010634,Växjö station,1064.0
33693,1300080300039,006672,23000803010635,Växjö station,1136.0
33694,1300080300040,006673,23000803010636,Lund Centralstation,1160.0
33695,1300080300016,000848,23000803010637,Köpenhamn Österport,1009.0
33696,1300080300040,006674,23000803010638,Lund Centralstation,1160.0
33697,1300080300001,006675,23000803010639,Malmö Centralstation,1145.0
33698,1300080300040,006676,23000803010640,Malmö Centralstation,1160.0
33699,1300080300034,006677,23000803010641,Alvesta station,1128.0
33700,1300080300039,006678,23000803010642,Alvesta station,1136.0
33701,1300080300027,004236,23000803010643,Köpenhamn H,1153.0
33702,1300080300001,006679,23000803010644,Köpenhamn H,1145.0
33703,1300080300030,006680,23000803010645,Lund Centralstation,1152.0
33704,1300080300019,001210,23000803010646,Copenhagen Airport,1137.0
33705,1300080300001,005763,23000803010647,Copenhagen Airport,1145.0
33706,1300080300030,006681,23000803010648,Lund Centralstation,1152.0
33707,1300080300027,001021,23000803010649,Köpenhamn H,1153.0
33708,1300080300015,000848,23000803010650,Köpenhamn Österport,1001.0
33709,1300080300013,000602,23000803010651,Lessebo station,1104.0
33710,1300080300014,000602,23000803010652,Lessebo station,1120.0
33711,1300080300015,003562,23000803010653,Köpenhamn Österport,1001.0
33712,1300080300040,004917,23000803010654,Malmö Centralstation,1160.0
33713,1300080300027,006682,23000803010655,Copenhagen Airport,1153.0
33714,1300080300019,001213,23000803010656,Copenhagen Airport,1137.0
33715,1300080300029,006683,23000803010657,Lund Centralstation,1144.0
33716,1300080300029,006684,23000803010658,Hässleholm Centralstation,1144.0
33717,1300080300027,006683,23000803010659,Copenhagen Airport,1153.0
33718,1300080300028,000359,23000803010660,Lund Centralstation,1008.0
33719,1300080300015,000359,23000803010661,Köpenhamn H,1001.0
33720,1300080300030,000327,23000803010662,Lund Centralstation,1152.0
33721,1300080300040,001855,23000803010663,Lund Centralstation,1160.0
33722,1300080300018,001942,23000803010664,Malmö Centralstation,1105.0
33723,1300080300039,000173,23000803010665,Växjö station,1136.0
33724,1300080300036,001942,23000803010666,Kalmar Centralstation,1032.0
33725,1300080300034,001072,23000803010667,Växjö station,1128.0
33726,1300080300021,000033,23000803010668,Malmö Centralstation,1033.0
33727,1300080300017,001075,23000803010669,Malmö Centralstation,1017.0
33728,1300080300024,000033,23000803010670,Malmö Centralstation,1041.0
33729,1300080300025,000033,23000803010671,Malmö Centralstation,1057.0
33730,1300080300025,001072,23000803010672,Malmö Centralstation,1057.0
33731,1300080300025,000359,23000803010673,Malmö Centralstation,1057.0
33732,1300080300026,000033,23000803010674,Malmö Centralstation,1073.0
33733,1300080300026,000359,23000803010675,Malmö Centralstation,1073.0
33734,1300080300005,000889,23000803010676,Malmö Centralstation,1097.0
33735,1300080300006,001072,23000803010677,Malmö Centralstation,1113.0
33736,1300080300023,000359,23000803010678,Malmö Centralstation,1121.0
33737,1300080300010,001075,23000803010679,Kalmar Centralstation,1040.0
33738,1300080300038,000825,23000803010680,Växjö station,1080.0
33739,1300080300029,000022,23000803010681,Lund Centralstation,1144.0
33740,1300080300029,001075,23000803010682,Hässleholm Centralstation,1144.0
35728,1380030000001,001653,23800300050043,Malmö Centralstation,
35729,1380030000001,006980,23800300000123,Malmö Centralstation,
35730,1380030000002,001631,23800300015627,Stockholm Centralstation,
35731,1380030000002,005435,23800300054539,Stockholm Centralstation,
35732,1380030000002,004508,23800300001291,Stockholm Centralstation,
35733,1380030000002,006982,23800300013835,Stockholm Centralstation,
35734,1380030000002,006983,23800300041227,Stockholm Centralstation,
35735,1380030000002,006984,23800300007435,Stockholm Centralstation,
35736,1380030000002,000602,23800300002893,Stockholm Centralstation,
35737,1380030000001,004518,23800300006962,Malmö Centralstation,
35738,1380030000002,000831,23800300047435,Stockholm Centralstation,
35739,1380030000002,001072,23800300055627,Stockholm Centralstation,
35740,1380030000002,001082,23800300016203,Stockholm Centralstation,
35741,1380030000002,003732,23800300012363,Stockholm Centralstation,
35742,1380030000002,003858,23800300043339,Stockholm Centralstation,
35743,1380030000002,006988,23800300033355,Stockholm Centralstation,
35744,1380030000002,004518,23800300014130,Stockholm Centralstation,
35745,1380030000002,001398,23800300036187,Stockholm Centralstation,
35746,1380030000001,001631,23800300014859,Malmö Centralstation,
35747,1380030000001,006990,23800300060427,Malmö Centralstation,
35748,1380030000001,006992,23800300016459,Korsør,
35749,1380030000002,000858,23800300018523,Stockholm Centralstation,
35750,1380030000001,000690,23800300023620,Malmö Centralstation,
35751,1380030000001,000036,23800300030803,Malmö Centralstation,
35752,1380030000001,006994,23800300031052,Malmö Centralstation,
35753,1380030000001,003944,23800300039756,Malmö Centralstation,
35754,1380030000001,000602,23800300041805,Malmö Centralstation,
35755,1380030000001,001380,23800300045652,Malmö Centralstation,
35756,1380030000001,001414,23800300051793,Malmö Centralstation,
35757,1380030000001,001075,23800300052043,Malmö Centralstation,
35758,1380030000001,001855,23800300054600,Malmö Centralstation,
35759,1380030000001,000022,23800300060115,Malmö Centralstation,
35760,1380030000001,002293,23800300062279,Malmö Centralstation,
35761,1380030000001,006995,23800300025211,Malmö Centralstation,
35762,1380030000001,006996,23800300038299,Malmö Centralstation,
35763,1380030000002,001974,23800300005452,Stockholm Centralstation,
35764,1380030000002,003944,23800300006220,Stockholm Centralstation,
35765,1380030000002,000036,23800300027987,Stockholm Centralstation,
35766,1380030000002,001855,23800300032072,Stockholm Centralstation,
35767,1380030000002,001414,23800300033361,Stockholm Centralstation,
35768,1380030000002,001075,23800300051019,Stockholm Centralstation,
35769,1380030000002,002293,23800300053063,Stockholm Centralstation,
35770,1380030000001,000359,23800300032155,Malmö Centralstation,
35771,1380030000001,000858,23800300047963,Malmö Centralstation,
35772,1380030000001,000831,23800300047179,Malmö Centralstation,
35773,1380030000001,000114,23800300062539,Malmö Centralstation,
35774,1380030000001,001082,23800300041803,Malmö Centralstation,
35775,1380030000001,001201,23800300040523,Malmö Centralstation,
35776,1380030000001,005768,23800300033611,Malmö Centralstation,
35777,1380030000001,006999,23800300051275,Malmö Centralstation,
35778,1380030000002,006995,23800300039291,Stockholm Centralstation,
35779,1380030000002,007000,23800300059259,Stockholm Centralstation,
35780,1380030000001,001398,23800300043355,Malmö Centralstation,
35781,1380030000002,000359,23800300007835,Stockholm Centralstation,
35782,1380030000002,006996,23800300051611,Stockholm Centralstation,
38148,1074347100001,004337,20743471018531,Berlin Gesundbrunnen,
38149,1074347100001,003976,20743471051811,Berlin Gesundbrunnen,
38150,1074347100001,006120,20743471006499,Berlin Gesundbrunnen,
38151,1074347100001,006555,20743471051043,Berlin Gesundbrunnen,
38152,1074347100001,006556,20743471036451,Berlin Gesundbrunnen,
38153,1074347100001,000033,20743471018019,Berlin Gesundbrunnen,
38154,1074347100001,006557,20743471029027,Berlin Gesundbrunnen,
38155,1074347100001,000144,20743471036348,Berlin Gesundbrunnen,
38156,1074347100001,003744,20743471047100,Berlin Gesundbrunnen,
